/*--------------------------------*- C++ -*----------------------------------*\
| =========                 |                                                 |
| \\      /  F ield         | OpenFOAM: The Open Source CFD Toolbox           |
|  \\    /   O peration     | Version:  2.4.0                                 |
|   \\  /    A nd           | Web:      www.OpenFOAM.org                      |
|    \\/     M anipulation  |                                                 |
\*---------------------------------------------------------------------------*/
FoamFile
{
    version     2.0;
    format      ascii;
    class       faceSet;
    location    "constant/polyMesh/sets";
    object      nonOrthoFaces;
}
// * * * * * * * * * * * * * * * * * * * * * * * * * * * * * * * * * * * * * //


2534
(
57349 
49157 
49159 
49162 
57359 
22 
43 
49199 
49201 
114739 
49204 
24635 
49215 
64 
49217 
66 
49220 
68 
24645 
69 
49222 
73 
75 
77 
78 
24655 
81 
57426 
83 
49237 
86 
87 
49240 
90 
49243 
93 
49246 
49247 
96 
49249 
97 
49251 
100 
103 
105 
106 
109 
49262 
49264 
112 
114 
49267 
115 
49269 
118 
49272 
49273 
121 
123 
49276 
124 
49278 
128 
49281 
49282 
24706 
131 
49284 
133 
134 
49287 
24712 
138 
24716 
141 
143 
144 
147 
49300 
24726 
150 
49304 
153 
154 
49308 
157 
160 
162 
163 
166 
169 
171 
172 
176 
179 
181 
182 
186 
189 
191 
192 
195 
198 
201 
202 
57550 
206 
208 
24786 
210 
211 
24790 
215 
57560 
218 
220 
221 
24800 
225 
57570 
228 
230 
231 
234 
237 
240 
241 
244 
247 
249 
250 
254 
256 
258 
259 
262 
264 
267 
268 
271 
57618 
274 
277 
57622 
278 
281 
57628 
284 
287 
288 
291 
57638 
294 
401704 
297 
298 
301 
304 
307 
308 
313 
315 
317 
318 
49483 
49484 
49486 
336 
49489 
337 
24914 
340 
49493 
49494 
24919 
343 
49497 
346 
347 
49500 
24924 
356 
156005 
57701 
49509 
357 
24934 
57705 
401774 
401779 
57715 
49525 
49530 
378 
382 
49539 
394 
398 
49552 
49553 
402 
49555 
49557 
407 
24985 
24991 
295329 
295330 
24995 
49577 
427 
49580 
25005 
49595 
49596 
49598 
49600 
449 
49603 
49605 
454 
49608 
457 
49610 
49613 
49615 
49618 
49620 
470 
473 
478 
482 
57829 
25065 
489 
57834 
491 
25069 
493 
494 
57839 
498 
25075 
500 
106998 
502 
25079 
503 
57849 
507 
509 
511 
512 
517 
519 
521 
522 
49677 
526 
528 
49682 
530 
531 
49686 
535 
537 
539 
540 
543 
545 
548 
549 
57897 
553 
555 
57901 
558 
559 
57907 
563 
565 
401976 
568 
569 
57917 
574 
576 
578 
579 
583 
585 
587 
588 
591 
593 
596 
597 
601 
603 
606 
25183 
607 
611 
613 
616 
25193 
617 
25198 
622 
246383 
624 
626 
25203 
627 
402037 
631 
344696 
25208 
633 
635 
57980 
636 
25213 
57984 
640 
642 
645 
57990 
646 
57994 
650 
652 
655 
656 
661 
663 
665 
666 
670 
672 
674 
675 
678 
156328 
680 
683 
684 
25264 
688 
156338 
690 
49844 
692 
693 
49846 
25270 
352952 
352953 
49849 
25274 
698 
49851 
700 
49854 
702 
49855 
703 
49857 
49859 
25284 
708 
710 
49863 
49864 
712 
336585 
713 
49866 
49869 
718 
720 
722 
723 
728 
730 
732 
733 
49886 
736 
739 
742 
743 
115437 
58098 
757 
762 
58108 
767 
25344 
58113 
769 
771 
25348 
772 
58118 
777 
25354 
58123 
25358 
782 
58128 
25364 
25368 
164638 
49953 
49954 
49956 
49959 
49962 
49963 
49966 
49969 
820 
49973 
49974 
49977 
49980 
58176 
58180 
58186 
49995 
843 
58196 
50016 
50019 
50024 
50027 
50033 
50036 
25462 
50042 
50045 
25472 
25474 
50051 
25477 
50054 
25482 
50061 
25487 
50065 
58259 
50068 
25493 
58263 
25496 
58269 
50077 
58273 
58279 
50087 
58283 
50091 
50097 
50101 
50107 
50110 
50116 
377797 
25543 
377800 
50120 
50126 
25553 
50130 
25563 
50179 
58377 
50185 
50189 
25617 
58386 
58387 
50195 
50199 
25623 
58392 
25627 
58397 
25633 
58402 
25637 
58407 
25643 
377900 
58412 
377903 
25647 
25653 
25657 
25663 
25667 
25672 
25676 
25681 
25685 
58455 
25690 
25694 
377953 
58465 
25699 
25703 
58475 
25708 
25712 
377970 
25717 
25721 
25725 
50303 
377986 
25730 
50307 
25734 
197768 
197770 
25751 
25752 
25754 
25756 
58532 
50343 
58538 
50347 
58542 
50350 
25775 
50355 
25779 
58548 
25781 
222390 
58552 
58558 
58562 
58568 
58572 
50381 
58576 
50385 
58581 
50390 
58585 
25817 
50395 
58589 
25821 
25823 
50400 
58595 
58599 
50411 
25835 
25836 
58605 
25838 
58609 
25841 
279795 
279797 
50421 
58615 
50425 
58619 
25854 
50431 
58625 
25859 
50436 
75013 
58629 
25862 
25865 
75018 
25866 
58635 
25868 
25870 
75023 
58639 
75028 
58644 
58648 
25882 
25883 
25885 
58654 
25888 
25891 
25892 
25894 
25897 
25900 
25901 
25904 
25906 
25917 
25921 
25926 
222547 
263519 
263521 
75153 
75158 
75163 
75168 
91553 
91558 
91563 
91568 
58812 
58816 
329153 
329156 
58862 
58866 
26101 
26103 
26106 
26108 
26111 
26113 
26116 
26119 
26126 
75283 
75288 
26142 
58912 
26146 
58916 
26156 
91693 
91698 
91703 
26170 
91708 
26172 
26174 
26176 
58962 
26197 
58966 
26202 
26214 
26216 
26218 
26220 
26224 
26225 
26228 
26231 
26235 
26236 
26239 
26242 
59012 
59016 
75403 
59022 
75408 
59026 
91823 
91828 
26292 
59062 
59066 
26303 
59072 
59076 
59112 
59116 
59122 
59126 
59132 
75518 
59136 
75523 
75528 
59150 
59156 
59162 
59166 
59172 
91943 
59176 
91948 
59182 
59186 
59200 
59206 
59212 
26446 
26447 
59216 
26450 
26453 
59222 
26456 
59226 
26458 
26460 
26462 
59232 
26466 
59236 
26468 
26471 
329577 
26473 
59250 
75638 
26487 
59256 
75643 
59262 
59266 
59272 
59276 
59282 
59286 
92058 
92063 
92068 
59300 
133033 
59306 
59312 
59316 
26552 
59322 
26554 
26557 
59326 
26559 
26562 
59332 
26564 
26567 
59336 
26570 
264139 
26574 
26576 
26579 
59350 
26582 
59356 
59362 
26595 
75748 
59366 
75753 
59372 
59376 
59382 
26617 
59386 
26621 
26625 
26630 
59400 
26634 
59406 
26639 
92178 
26643 
59412 
92183 
59416 
26648 
26652 
59422 
26656 
59426 
26659 
26662 
59432 
59436 
26669 
59446 
26678 
59450 
59456 
26688 
59462 
26694 
59466 
26698 
26704 
26708 
75863 
26713 
75868 
26717 
75873 
26723 
26727 
26733 
92288 
92293 
149654 
26782 
59553 
26786 
59558 
26792 
59563 
26796 
59565 
59570 
26802 
379072 
75988 
75998 
59628 
92403 
92408 
92413 
108816 
26902 
26905 
26941 
26945 
26952 
26957 
76123 
26983 
412008 
26987 
59757 
412014 
92528 
26992 
59762 
26997 
59767 
92538 
27002 
59772 
59774 
412031 
27013 
59784 
27023 
27027 
27033 
27038 
59837 
379335 
379343 
289248 
92663 
297483 
59961 
59966 
59971 
59973 
59976 
59978 
59981 
59983 
59993 
60046 
60047 
60050 
60061 
27316 
27320 
27366 
27370 
264945 
60165 
166662 
60170 
60175 
60180 
60182 
27416 
60185 
60187 
27420 
60190 
60192 
60202 
27466 
27470 
60245 
60255 
60256 
60259 
60262 
60270 
27516 
27520 
27526 
27530 
27566 
27570 
27576 
27580 
60359 
60369 
60374 
60379 
60384 
27616 
27620 
60389 
60391 
60394 
27626 
60396 
27630 
60399 
60401 
27636 
27640 
60411 
27655 
27659 
27666 
27670 
27676 
27680 
60454 
27686 
27690 
60464 
60465 
60468 
60471 
27705 
60474 
27709 
27716 
27720 
27726 
27730 
27736 
142425 
27740 
134250 
27755 
27759 
27766 
27770 
27776 
27780 
60553 
27786 
60558 
27790 
60563 
60568 
60573 
27805 
27809 
60578 
60583 
27816 
60588 
27820 
60593 
289970 
27826 
289973 
60598 
27830 
60604 
27836 
60605 
60607 
27840 
60610 
60620 
27855 
27859 
306391 
27866 
27870 
27876 
216296 
134376 
27880 
27886 
27890 
60663 
60673 
27905 
60674 
60677 
27909 
60680 
60683 
27916 
27920 
27926 
27930 
77085 
77087 
27936 
77090 
77092 
27940 
27950 
27955 
27959 
27966 
27970 
77135 
77136 
77137 
77139 
77142 
60762 
60767 
60772 
60777 
60782 
60787 
77175 
60792 
60797 
77185 
77186 
60802 
77187 
77189 
60807 
413066 
77195 
77196 
60813 
77199 
77200 
60816 
77201 
77202 
77204 
77210 
77211 
77212 
28061 
77214 
77215 
28066 
77220 
28068 
77222 
28071 
77224 
28074 
93625 
93627 
93631 
93634 
413137 
60882 
60883 
413142 
60889 
134627 
28135 
339438 
339440 
298491 
298493 
77330 
77331 
77332 
77334 
77335 
77336 
77339 
60976 
192051 
77365 
60981 
77366 
77367 
77369 
60986 
60991 
60996 
61001 
134731 
77390 
61006 
77392 
77394 
77395 
61011 
77396 
77397 
77399 
77400 
61016 
77401 
77402 
77404 
61022 
61025 
28265 
28270 
28275 
28277 
28280 
28287 
413341 
61091 
61092 
61098 
28344 
77510 
77511 
77512 
77514 
77515 
77517 
77519 
77520 
77521 
77524 
413402 
77560 
77561 
77562 
77564 
77565 
77566 
77567 
77569 
77570 
77571 
77572 
77574 
61195 
61200 
61205 
61210 
61215 
61220 
61225 
61231 
77616 
61234 
28469 
28474 
28476 
28479 
28483 
94020 
28484 
28486 
28489 
28496 
94045 
94047 
94052 
61300 
61301 
94070 
94072 
61307 
28552 
28553 
225164 
28559 
28569 
77761 
77764 
77780 
77782 
61409 
61414 
61419 
61424 
61429 
61434 
126973 
61440 
28673 
61443 
28678 
28683 
28685 
28688 
28692 
28693 
28695 
28698 
28705 
61509 
61510 
61516 
28752 
28761 
28762 
28765 
258143 
28768 
28778 
389298 
61618 
61623 
389304 
61628 
61633 
28867 
61638 
389321 
61643 
28877 
61649 
28882 
61652 
28887 
28892 
28894 
28897 
28901 
28902 
28904 
28907 
28914 
61697 
61698 
61704 
28961 
28970 
28971 
28974 
28977 
28981 
94541 
94544 
307551 
61796 
61801 
61806 
61811 
61816 
61821 
61826 
29061 
61831 
29066 
61837 
29071 
61840 
29076 
78229 
29081 
29086 
29091 
29096 
78251 
29101 
78254 
78256 
29106 
94644 
29109 
94646 
29111 
94649 
29114 
61884 
29116 
61885 
61888 
61891 
29123 
78276 
78279 
29170 
29179 
29180 
29183 
29186 
29190 
61973 
61978 
94749 
94751 
61983 
94754 
61988 
61993 
61998 
62003 
62008 
62013 
62018 
62023 
62028 
62030 
29270 
62040 
29275 
29280 
62050 
29285 
62056 
29290 
29295 
29300 
62071 
29305 
62075 
29310 
225919 
62082 
29315 
62084 
94854 
62086 
94856 
62088 
29320 
94859 
62092 
29325 
62094 
62096 
62102 
62106 
62116 
62121 
29388 
29389 
29392 
283350 
283352 
283353 
135898 
62176 
62181 
62187 
62192 
94961 
62195 
94964 
62200 
62206 
62211 
62217 
62222 
62227 
62232 
29484 
29489 
29494 
29499 
29504 
29509 
29514 
29519 
62291 
29524 
62294 
29529 
95066 
95069 
29534 
234344 
234345 
234346 
62314 
62320 
62324 
62330 
62334 
62340 
62344 
62350 
62354 
78745 
78747 
62363 
29597 
29598 
62367 
29601 
62373 
62377 
62383 
62389 
62393 
62399 
95171 
62403 
95174 
62407 
62412 
62416 
62422 
62426 
95196 
62432 
62436 
62442 
62448 
62452 
62456 
78845 
62465 
78850 
78852 
62471 
29703 
62475 
29708 
62481 
29713 
62485 
29718 
62491 
29723 
95261 
62495 
29728 
95266 
95267 
95269 
62501 
29733 
29738 
29743 
95290 
95291 
21570 
111683 
21572 
21574 
21575 
21579 
21581 
21583 
62544 
21584 
21588 
62550 
21590 
21592 
21593 
21601 
21602 
78950 
78955 
78957 
29806 
29807 
29810 
95356 
95359 
95360 
95361 
95364 
62604 
308381 
95390 
95392 
95394 
95397 
95399 
62652 
62657 
79055 
390353 
54483 
79060 
54485 
79062 
54487 
54488 
54492 
29917 
54494 
95456 
54496 
54497 
29922 
95459 
95460 
95461 
54501 
54503 
29927 
95464 
54505 
54506 
29932 
62701 
54512 
29937 
62706 
54514 
29942 
29947 
62716 
29952 
95493 
95494 
62726 
390423 
62746 
390428 
62750 
62755 
62759 
62765 
136497 
136498 
62775 
79165 
21822 
79167 
30015 
30016 
21824 
62785 
21826 
30019 
21827 
103752 
21832 
21834 
62795 
21836 
21837 
62799 
21842 
62804 
21844 
144726 
21846 
21847 
62808 
161117 
62814 
21856 
21857 
62818 
62824 
103792 
103794 
62834 
62844 
62848 
62853 
62857 
62863 
62867 
62873 
62877 
62883 
79270 
62887 
79272 
62893 
30126 
62897 
30131 
62902 
30136 
62908 
30141 
62912 
30146 
62918 
30151 
62922 
30156 
54735 
62928 
54737 
30161 
54739 
62932 
54740 
54745 
62938 
54747 
62940 
54749 
62942 
54750 
390625 
153057 
62946 
54755 
54757 
62950 
54759 
54760 
62958 
54767 
54769 
62964 
30203 
30204 
30207 
79375 
79377 
63002 
390686 
63006 
63012 
63016 
79402 
63022 
63026 
63030 
95800 
95802 
63036 
63040 
22080 
22082 
22085 
63046 
22086 
63052 
22095 
63056 
22096 
63062 
63066 
63072 
30304 
63076 
30309 
63080 
30314 
79467 
79470 
63086 
79471 
30319 
79472 
63090 
30324 
63096 
30329 
63100 
30334 
95872 
63106 
30339 
177797 
63110 
30344 
79497 
79499 
63116 
30349 
235151 
63122 
63126 
63130 
63136 
63140 
63146 
63150 
63156 
30390 
30391 
63160 
30394 
30397 
63166 
63172 
79560 
63176 
79562 
79565 
79567 
79569 
54994 
54996 
63190 
54998 
54999 
55002 
63196 
63200 
55009 
63206 
112361 
112362 
63210 
79595 
79596 
79599 
79600 
63216 
79601 
63222 
63226 
63240 
63246 
30481 
63250 
30486 
63256 
30491 
63260 
30496 
63266 
30501 
63272 
227113 
30506 
79660 
63276 
79662 
30511 
22319 
79665 
22321 
79667 
30516 
22324 
79669 
22325 
30521 
63290 
30526 
22334 
22335 
63296 
30531 
63300 
30533 
30536 
63306 
63310 
79695 
30543 
79698 
63316 
30553 
63322 
63326 
30564 
63340 
63346 
30578 
63350 
30584 
63356 
30588 
30590 
63360 
30592 
30594 
63366 
30598 
30600 
63372 
30604 
63376 
30610 
30614 
63390 
30624 
63396 
30628 
63400 
63406 
63410 
63416 
63422 
55233 
63426 
55235 
55237 
55238 
55241 
63440 
55248 
63446 
30680 
63450 
30684 
63456 
30691 
63460 
30695 
63466 
63472 
30704 
63476 
30709 
30715 
30720 
30725 
30730 
63500 
30735 
63506 
30740 
22548 
63510 
22550 
22552 
22553 
63516 
22556 
22558 
22561 
63522 
22562 
22565 
63526 
22568 
96297 
22571 
96300 
22572 
96303 
96307 
96309 
317496 
317498 
96317 
63550 
96320 
96323 
63556 
96325 
96328 
63560 
96330 
96333 
30797 
63566 
96335 
96338 
63570 
30803 
63572 
96341 
96344 
63576 
96347 
96350 
96354 
30818 
96357 
96360 
30824 
96363 
30828 
96366 
63599 
96368 
63600 
96370 
30834 
63603 
96373 
63606 
30838 
96375 
63609 
63610 
96379 
30844 
96381 
63613 
96384 
63616 
30848 
96387 
63620 
80006 
63622 
30854 
63624 
80009 
96394 
63626 
30858 
96397 
96401 
30867 
96404 
96407 
96408 
30872 
96410 
96411 
96412 
30876 
96414 
96417 
30882 
96420 
96421 
55461 
96422 
30886 
96423 
55463 
96424 
55465 
96426 
55466 
96427 
96428 
30893 
55470 
96432 
55472 
30897 
55474 
55475 
96436 
96437 
96438 
96439 
30903 
55480 
55482 
30907 
63676 
55484 
55485 
30912 
30915 
96457 
30921 
96460 
80076 
30925 
30931 
96470 
30935 
96473 
30941 
30945 
96485 
96488 
30952 
30956 
30961 
63733 
63735 
63736 
63737 
96506 
30970 
252155 
96507 
63739 
30974 
63743 
96512 
63744 
22786 
63747 
63748 
30980 
22788 
63749 
22790 
63751 
22791 
30984 
63754 
22794 
63755 
22796 
63757 
63758 
30990 
63759 
30994 
63764 
96534 
31000 
96538 
63771 
31004 
96541 
63774 
63775 
63777 
63778 
63779 
63783 
63784 
63785 
96554 
63788 
63789 
96558 
63790 
63795 
63796 
96565 
63798 
96568 
334140 
63812 
63813 
63817 
31049 
63818 
96588 
96589 
31053 
96590 
63827 
63829 
63830 
96602 
96603 
22882 
63873 
63876 
31108 
63877 
63880 
63881 
55699 
55701 
55703 
55704 
55710 
55712 
63915 
63916 
63917 
63918 
293299 
31157 
31160 
63948 
63949 
63950 
63952 
63958 
63963 
23003 
23005 
23008 
23009 
63970 
23012 
31206 
23014 
31209 
23017 
23018 
55794 
31219 
63989 
63994 
63997 
31229 
64016 
64017 
31249 
64023 
31255 
64025 
31258 
64027 
64028 
31264 
31268 
31278 
64048 
64049 
31288 
23096 
23100 
64062 
64064 
64065 
31298 
23106 
64069 
23110 
64071 
64072 
31304 
64073 
31307 
23120 
31313 
31317 
31323 
31327 
64099 
64101 
64104 
31337 
55916 
55919 
55921 
55922 
31347 
64117 
55926 
55928 
31353 
55930 
64123 
55931 
31356 
64129 
31362 
31366 
64135 
31372 
64142 
31376 
64148 
31382 
31386 
64155 
31392 
64162 
31396 
64167 
31402 
64172 
31405 
64178 
31412 
64184 
31416 
64190 
31422 
31426 
23234 
23235 
64196 
56006 
23238 
31432 
23241 
64202 
23243 
56012 
31436 
23244 
23247 
64208 
56016 
31442 
23250 
23253 
64214 
56022 
31446 
23254 
31448 
64220 
31453 
56032 
64226 
31459 
31462 
64233 
31467 
64239 
64245 
64251 
64257 
64263 
64269 
31506 
64276 
31510 
31516 
31520 
64289 
31526 
64295 
23336 
31530 
88875 
88876 
88877 
64301 
23342 
88879 
31535 
88881 
23346 
31539 
31545 
23356 
31549 
31556 
64326 
64328 
31560 
31566 
56143 
31570 
56148 
88919 
56152 
31576 
56154 
56156 
31580 
88925 
56157 
88926 
88927 
88929 
31585 
56162 
56164 
31589 
56166 
88935 
56167 
88937 
88939 
31595 
88940 
88941 
88942 
31599 
88944 
64372 
31605 
88950 
88951 
64375 
88952 
31609 
88954 
88959 
31615 
88960 
88961 
64386 
31619 
88964 
64392 
31626 
64398 
31630 
31635 
64404 
31639 
64411 
31645 
64417 
31649 
31655 
64424 
31659 
64431 
31665 
64436 
31669 
56248 
23480 
64441 
23481 
56252 
31676 
64447 
31680 
56258 
64453 
23493 
23496 
64459 
23499 
56268 
23500 
31695 
64465 
31699 
23509 
64471 
31705 
64477 
31709 
64483 
31715 
31719 
64489 
89070 
31726 
89071 
64495 
89072 
89074 
31730 
326643 
89075 
89077 
64502 
89079 
64508 
31745 
64514 
31749 
64520 
228361 
31755 
64526 
31759 
89105 
89106 
89107 
64532 
89109 
31765 
31769 
64538 
31776 
64545 
31780 
23592 
228393 
89130 
89131 
89134 
64558 
23598 
89135 
89136 
89137 
23602 
89139 
31795 
89140 
64564 
89141 
89142 
31799 
89144 
64570 
23612 
31805 
31809 
56389 
31815 
56394 
31819 
244816 
244818 
31826 
244819 
31830 
56408 
261209 
261210 
56410 
56412 
56413 
31845 
56422 
31849 
31855 
31859 
31865 
31869 
31876 
31880 
31895 
31899 
31905 
89250 
89251 
89252 
31909 
89254 
89255 
89256 
89259 
31915 
89260 
89262 
31919 
89264 
31926 
56504 
31930 
56508 
56514 
425157 
31945 
56524 
31949 
154832 
425170 
179410 
31955 
89300 
89301 
89302 
31959 
89304 
23768 
89305 
89306 
89307 
23771 
89309 
31965 
425182 
89310 
23774 
89311 
89312 
23776 
31969 
89314 
425187 
23783 
31976 
31980 
310516 
425216 
32005 
400649 
32009 
138507 
89355 
425228 
425229 
400655 
32015 
425234 
32019 
32026 
425246 
32030 
400672 
236848 
32055 
32059 
23869 
32065 
23875 
32069 
23879 
105804 
32076 
105805 
32078 
32080 
23889 
32105 
32106 
56683 
56684 
32109 
32112 
56689 
56690 
32115 
32116 
32119 
56698 
32122 
32126 
32128 
32130 
32132 
425358 
425368 
425370 
89500 
425374 
89502 
89521 
32179 
89524 
56781 
56785 
56791 
425437 
56801 
24052 
425478 
138760 
163368 
163369 
24148 
24154 
24158 
24168 
56967 
114352 
425653 
163518 
57060 
57064 
57070 
425718 
57080 
425763 
24356 
24366 
24427 
24433 
24437 
24447 
57271 
24511 
57281 
49132 
49133 
49135 
49137 
57339 
57343 
)

// ************************************************************************* //
