/*--------------------------------*- C++ -*----------------------------------*\
  =========                 |
  \\      /  F ield         | OpenFOAM: The Open Source CFD Toolbox
   \\    /   O peration     | Website:  https://openfoam.org
    \\  /    A nd           | Version:  6
     \\/     M anipulation  |
\*---------------------------------------------------------------------------*/
FoamFile
{
    version     2.0;
    format      ascii;
    class       volScalarField;
    location    "3.67516512e-08";
    object      rho;
}
// * * * * * * * * * * * * * * * * * * * * * * * * * * * * * * * * * * * * * //

dimensions      [1 -3 0 0 0 0 0];

internalField   nonuniform List<scalar> 
6000
(
1.98745615533
1.9885165757
1.99195235776
1.99381708443
1.99288000526
1.98947129875
1.98412871833
1.97731367637
1.96938265118
1.96060697526
1.95119237277
1.94129440336
1.93103023109
1.92048758824
1.90973165801
1.89881041237
1.88775877735
1.87660188614
1.86535760626
1.85403847715
1.84265316655
1.83120754371
1.81970546395
1.80814934851
1.79654062008
1.78488002815
1.77316788141
1.76140420177
1.74958881968
1.73772143297
1.72580164673
1.71382900356
1.7018030063
1.68972313271
1.67758884251
1.66539957856
1.65315476514
1.6408538054
1.62849607929
1.61608094228
1.60360772467
1.59107573127
1.57848424105
1.56583250674
1.55311975418
1.54034518121
1.52750795604
1.51460721469
1.50164205795
1.48861154816
1.47551470746
1.46235051862
1.44911792957
1.43581586066
1.42244321206
1.4089988668
1.39548168588
1.38189049396
1.36822405968
1.35448107854
1.34066016876
1.32675988677
1.31277876076
1.29871532998
1.2845681695
1.27033588054
1.25601703892
1.24161011806
1.22711342998
1.2125251439
1.19784342262
1.18306665008
1.16819362819
1.15322356871
1.13815578585
1.12298922337
1.10772219045
1.09235269089
1.07687938132
1.06130267832
1.04562530163
1.02985189679
1.01398812439
0.998040151709
0.982015397636
0.965924724498
0.949785449996
0.933624082161
0.917478141971
0.901398113352
0.885452490331
0.869738804521
0.85440001185
0.839641487198
0.82574766535
0.813120656292
0.80236929927
0.794347346163
0.789184556045
0.784770277295
2.0017115345
1.99646310604
1.99563897034
1.99533611682
1.99339376542
1.98951940681
1.98396729261
1.97707488099
1.96913811292
1.9603951137
1.95103231908
1.94119396932
1.93099070853
1.92050667955
1.90980525772
1.8989336753
1.88792674406
1.87680983342
1.865601225
1.85431394161
1.8429571378
1.83153713793
1.82005820672
1.8085231264
1.79693363369
1.7852907468
1.77359500007
1.76184660193
1.75004553631
1.7381916284
1.72628459052
1.71432405672
1.70230960824
1.69024079013
1.67811711994
1.66593809058
1.65370317014
1.64141180064
1.62906339702
1.61665734667
1.60419300927
1.5916697168
1.57908677342
1.56644345518
1.55373900946
1.5409726542
1.52814357659
1.51525093115
1.50229383711
1.48927137561
1.47618258763
1.46302647416
1.44980199952
1.43650809758
1.42314367892
1.40970763516
1.39619883672
1.38261612216
1.36895828105
1.35522403713
1.34141204053
1.32752087672
1.31354909297
1.29949523376
1.28535786834
1.27113559153
1.25682698782
1.24243056816
1.2279447137
1.21336767792
1.19869768799
1.18393313473
1.1690727589
1.15411568583
1.13906120747
1.12390839011
1.10865580406
1.09330172724
1.0778449251
1.06228566612
1.04662635835
1.03087140209
1.01502647068
0.999097988181
0.983093625338
0.967024122903
0.950905987474
0.934764077243
0.918633374882
0.902560640513
0.88660837517
0.87086356351
0.855450517641
0.840542947108
0.82637123682
0.813229903933
0.80145922571
0.791243666835
0.781589810153
0.770344214977
2.01187327873
2.00312555199
1.9992688548
1.99709898407
1.99417577208
1.98980444638
1.9840041018
1.97699783871
1.96902390506
1.96028802195
1.95095698329
1.94116280616
1.93100860114
1.92057402765
1.90991994939
1.89909233394
1.88812549567
1.87704476226
1.86586862797
1.85461045257
1.84327977051
1.83188328266
1.82042560503
1.80890983802
1.79733800083
1.78571135719
1.77403064957
1.76229625932
1.75050831296
1.73866675409
1.72677139501
1.71482195525
1.70281808954
1.69075940598
1.67864547613
1.66647583937
1.65425000419
1.64196744836
1.62962761897
1.61722993277
1.60477377653
1.59225850727
1.57968345227
1.56704790883
1.55435114385
1.54159239326
1.52877086125
1.5158857189
1.50293610229
1.48992111015
1.47683980178
1.46369119639
1.45047427495
1.43718798479
1.42383124574
1.41040295529
1.39690198928
1.38332719569
1.36967738183
1.3559512991
1.34214763248
1.32826500208
1.31430198021
1.30025711996
1.28612898325
1.27191615219
1.25761721156
1.24323070399
1.22875508069
1.21418868859
1.19952983401
1.18477692875
1.16992865959
1.15498406399
1.13994240787
1.12480288634
1.10956435751
1.09422541732
1.07878498117
1.0632431811
1.04760208023
1.03186576211
1.01603981792
1.00013080593
0.984146455965
0.968097051628
0.951997732412
0.93587087282
0.919747808
0.90367034688
0.887694107571
0.871895806628
0.856383614947
0.841305123262
0.826845329992
0.813205308527
0.800508650635
0.788518336645
0.775884367446
0.761174251648
2.01939921939
2.00883166539
2.00287648626
1.99911553333
1.99523485644
1.99033376779
1.98424722212
1.97709170092
1.96904888806
1.96029286235
1.95097118767
1.94120350607
1.93108480738
1.92068949066
1.91007513854
1.89928579408
1.88835475188
1.87730690242
1.86616066091
1.85492951281
1.84362322196
1.83224876049
1.82081102357
1.80931338123
1.79775810284
1.78614667615
1.77448003746
1.76275873148
1.75098302092
1.73915296354
1.72726846865
1.71532933911
1.70333530133
1.69128602479
1.67918113338
1.66702021125
1.65480280561
1.64252842835
1.63019655722
1.61780663693
1.60535807993
1.59285026688
1.58028254673
1.56765423655
1.5549646213
1.54221295353
1.52939845303
1.51652030608
1.5035776642
1.49056964239
1.4774953172
1.46435372555
1.45114386515
1.43786469725
1.42451515139
1.4110941305
1.39760051388
1.38403315538
1.37039087568
1.35667245021
1.34287659769
1.32900197538
1.31504718633
1.30101079903
1.28689137279
1.2726874768
1.25839769
1.24402057668
1.22955464873
1.21499834311
1.20035005145
1.1856082213
1.17077150178
1.15583884939
1.14080949286
1.12568272816
1.11045766796
1.09513319957
1.07970836356
1.06418310463
1.04855902744
1.03283970358
1.01703037644
1.00113742528
0.985168281032
0.969132344619
0.95304289363
0.936919365577
0.920789350007
0.904690487458
0.888673739609
0.872809453187
0.857194771598
0.841956322133
0.827237609158
0.813152812831
0.799654894992
0.786289115238
0.771793702642
0.755516097705
2.02535064678
2.01382836866
2.00640339568
2.00130303216
1.99651176264
1.99106556386
1.98466822672
1.97734008515
1.96920662484
1.96041007235
1.95107913991
1.94132162069
1.9312246852
1.92085745505
1.91027397779
1.89951600688
1.88861543693
1.87759637656
1.86647687041
1.85527029275
1.84398645005
1.83263244309
1.82121334056
1.80973270584
1.79819300425
1.78659590905
1.77494252319
1.76323353577
1.75146933286
1.73965007792
1.72777577183
1.71584629718
1.70386144947
1.69182095754
1.6797244959
1.66757169196
1.6553621304
1.64309535617
1.63077087677
1.618388164
1.60594665513
1.59344575344
1.58088482847
1.56826321594
1.55558021777
1.54283510204
1.53002710305
1.51715542108
1.50421922173
1.49121763481
1.4781497528
1.4650146294
1.45181127896
1.43853867735
1.42519576487
1.4117814505
1.39829461606
1.38473411814
1.37109878565
1.35738741251
1.34359874743
1.3297314851
1.31578426446
1.30175567763
1.28764428892
1.27344865691
1.25916734856
1.2447989358
1.23034197395
1.21579497751
1.20115642226
1.18642480207
1.17159874115
1.15667711253
1.1416590745
1.12654395839
1.11133105103
1.09601945882
1.08060828894
1.06509722986
1.04948731293
1.0337814281
1.01798428547
1.00210194858
0.986141511457
0.970111590182
0.95402393347
0.937895852177
0.921752808558
0.905630828363
0.8895792124
0.873664133501
0.857971721447
0.842605065527
0.827662765642
0.813177019123
0.798978108684
0.784542555725
0.768881229857
0.751931988122
2.0302953221
2.01830400557
2.00984079949
2.00361965842
1.99797331323
1.99197081503
1.98523783183
1.97771471216
1.96947255257
1.9606204162
1.9512670388
1.94150790833
1.93142233879
1.92107424573
1.91051414885
1.8997814193
1.88890639098
1.87791220372
1.86681634646
1.85563191273
1.84436860412
1.83303352715
1.82163182582
1.81016718078
1.79864219537
1.78705868466
1.77541788559
1.76372060794
1.75196734446
1.74015835306
1.72829371863
1.7163733983
1.70439725291
1.69236506775
1.68027656573
1.66813141585
1.65592923904
1.64366961245
1.63135207271
1.61897611813
1.60654121009
1.59404677379
1.58149219852
1.56887683784
1.55620000983
1.54346099738
1.53065904849
1.51779337643
1.50486315967
1.49186754131
1.47880562815
1.46567648945
1.45247915565
1.43921261784
1.42587582861
1.41246770454
1.39898713043
1.38543296352
1.37180403596
1.35809915309
1.34431708695
1.33045656644
1.31651626862
1.30249481676
1.28839078937
1.27420273955
1.25992921783
1.24556878757
1.23112002332
1.21658149365
1.2019517458
1.18722932195
1.17241282966
1.15750105272
1.14249303751
1.12738806884
1.11218550839
1.09688460611
1.08148451433
1.06598469226
1.05038563936
1.03468959624
1.01890078387
1.00302506891
0.987069480659
0.971042367303
0.954954827967
0.938823367316
0.922672895362
0.906538934927
0.890468605974
0.874520911932
0.858766149342
0.843279786565
0.828116373565
0.813241668497
0.798417322606
0.783154045384
0.766779979423
0.749617212671
2.03452665313
2.02235887649
2.01316381001
2.00601594109
1.99958509773
1.99302839475
1.98593911806
1.97819837682
1.96982881256
1.96090666617
1.95151959833
1.94174971106
1.93166778202
1.92133219585
1.91078980908
1.90007753269
1.88922405895
1.878251464
1.86717657974
1.85601211984
1.84476758943
1.83345001978
1.8220645609
1.81061495275
1.79910388878
1.78753328676
1.77590448656
1.76421839491
1.75247559392
1.74067642369
1.72882104439
1.71690948121
1.70494165532
1.69291740453
1.68083649714
1.66869864154
1.65650349344
1.6442506612
1.63193970975
1.6195701632
1.60714150633
1.59465318545
1.58210460886
1.56949514732
1.55682413452
1.5440908676
1.53129460772
1.51843458039
1.50550997583
1.49251994897
1.47946361922
1.4663400697
1.4531483459
1.43988745419
1.42655636069
1.41315399177
1.3996792368
1.38613095321
1.37250797243
1.35880910383
1.34503313369
1.33117881765
1.31724486853
1.30322994496
1.28913264851
1.27495153462
1.2606851371
1.24633199719
1.23189068272
1.21735978605
1.20273790359
1.18802362045
1.17321553593
1.15831234864
1.14331296971
1.12821657905
1.11302254569
1.09773024122
1.08233893598
1.0668480302
1.05125770409
1.03556973023
1.01978796183
1.00391818739
0.987967618304
0.971944843445
0.955861083993
0.939732761045
0.923584190647
0.907448733918
0.891367812248
0.87538907923
0.85956474092
0.84394488539
0.828548851081
0.813297693369
0.797931250223
0.782050530139
0.765273148669
0.748142669957
2.03821941883
2.0260586641
2.01635010534
2.00844139885
2.00130565204
1.99421259335
1.98675645115
1.97877949812
1.97026455398
1.96125765358
1.95182554309
1.94203626165
1.93195126537
1.92162280653
1.91109370494
1.90039819933
1.88956321042
1.87860965304
1.86755361799
1.85640736579
1.84518014348
1.83387885634
1.82250861824
1.81107319202
1.79957532882
1.78801702055
1.77639968581
1.76472430905
1.7529915473
1.74120181212
1.72935533085
1.71745219024
1.70549236642
1.69347574542
1.68140213754
1.6692712882
1.65708288619
1.64483656984
1.63253193139
1.62016851973
1.60774584203
1.59526336479
1.58272051456
1.57011667871
1.5574512061
1.54472340783
1.53193255779
1.51907789316
1.506158615
1.49317388876
1.48012284471
1.46700457784
1.45381814702
1.44056257309
1.4272368364
1.4138398751
1.40037058563
1.38682782681
1.37321042734
1.35951719416
1.34574691764
1.3318983693
1.3179702903
1.30396137433
1.28987025319
1.27569549543
1.26143562485
1.24708915542
1.23265462821
1.21813062966
1.20351577879
1.18880869447
1.1740079812
1.15911227819
1.14412037842
1.12903135304
1.11384457131
1.09855956483
1.08317585218
1.06769299039
1.05211106155
1.03643148854
1.02065773227
1.00479543138
0.988852045375
0.972836695796
0.956761005668
0.94064095933
0.924498636022
0.908362327555
0.892264862259
0.876241847543
0.860330507112
0.844562216799
0.828931218845
0.813332604962
0.797516983906
0.781196556316
0.764223812031
0.747253371985
2.04148910908
2.0294540512
2.0193881334
2.01085484119
2.00309347841
1.99549303206
1.98767018863
1.97944538606
1.9707706129
1.96166552797
1.95217726763
1.94235993498
1.93226528096
1.92193891192
1.91141916783
1.90073730442
1.88991827085
1.87898168634
1.86794279977
1.85681333883
1.84560223177
1.83431621423
1.82296033257
1.81153834808
1.80005304827
1.7885064799
1.77690012362
1.76523502821
1.75351191536
1.74173126021
1.72989335081
1.7179983299
1.70604622377
1.69403696262
1.68197039576
1.66984630343
1.65766440594
1.64542437032
1.63312581488
1.62076831204
1.60835139018
1.59587453489
1.58333719017
1.57073875938
1.55807860623
1.54535605549
1.53257039349
1.51972086872
1.5068066924
1.49382703937
1.48078104912
1.46766782646
1.45448644146
1.44123592777
1.42791527965
1.41452344841
1.40105934033
1.38752181835
1.37390970881
1.36022181228
1.34645691427
1.33261379001
1.318691198
1.30468786219
1.29060244927
1.27643355385
1.26217970426
1.24783939407
1.23341112932
1.21889346788
1.20428502578
1.1895844453
1.17479035583
1.15990138647
1.14491627261
1.12983402518
1.1146540446
1.09937605911
1.08399990994
1.06852541935
1.05295265107
1.03728264908
1.02151833727
1.00566505735
0.989730497734
0.973724343691
0.95765829093
0.941546702595
0.925407417178
0.909261871645
0.893134405686
0.877051590384
0.861040787176
0.845120115603
0.829265519311
0.813360200243
0.797186499318
0.780567888895
0.763534355615
0.746783377454
2.04441611862
2.03258592886
2.0222759247
2.01322784116
2.00491392195
1.99684020623
1.98865867544
1.98018102402
1.97133654454
1.96212255362
1.95256837329
1.94271484708
1.9326041025
1.92227487678
1.91176070292
1.90108955088
1.89028417051
1.87936272659
1.86833951143
1.85722563213
1.84602963129
1.834758027
1.82341576522
1.81200658231
1.80053328401
1.78899795708
1.77740213241
1.76574691424
1.75403308232
1.7422611701
1.73043152163
1.71854433117
1.7065996712
1.69459751291
1.68253774228
1.67042017273
1.65824455484
1.64601058314
1.63371790075
1.62136610231
1.60895473608
1.59648330568
1.58395127165
1.57135805281
1.55870302728
1.54598553321
1.53320486922
1.52036029479
1.50745103089
1.49447626099
1.48143513248
1.4683267581
1.45515021673
1.44190455257
1.4285887724
1.41520184104
1.40174267704
1.3882101511
1.37460309026
1.36092028844
1.34716052085
1.333322556
1.31940515751
1.30540707113
1.29132699928
1.2771635746
1.26291534944
1.24858081445
1.23415844609
1.21964676274
1.20504435789
1.19034988796
1.17556202895
1.16067945927
1.14570093599
1.13062547151
1.11545250933
1.10018193505
1.08481385332
1.06934830582
1.05378530718
1.03812548197
1.02237115813
1.00652731921
0.990601775852
0.974604426195
0.95854619117
0.94243854385
0.92629412673
0.91012800672
0.893958530536
0.877806940356
0.861693936397
0.845626626806
0.829567305389
0.813399125893
0.796948956476
0.780140139246
0.76312954017
0.746618672152
2.04705790891
2.03548651283
2.02501631399
2.01554191094
2.00674036987
1.9982287209
1.98970131283
1.98097081779
1.9719508407
1.96262020341
1.95299228638
1.94309554097
1.93296281767
1.92262602608
1.91211375557
1.90145048045
1.89065654752
1.87974850626
1.86873957499
1.85764015366
1.84645833375
1.83520036646
1.82387106102
1.81247410205
1.80101229358
1.7894877477
1.77790203546
1.76625630991
1.75455140437
1.74278790689
1.73096621385
1.7190865675
1.70714908336
1.69515377125
1.6831005522
1.67098927172
1.65881970966
1.64659158705
1.6343045706
1.62195827589
1.60955226988
1.59708607321
1.58455916217
1.57197097036
1.55932088987
1.54660827187
1.53383242699
1.52099262558
1.50808809819
1.49511803658
1.48208159527
1.4689778935
1.45580601678
1.44256501734
1.42925391221
1.41587167892
1.40241724973
1.38888950701
1.37528728362
1.3616093707
1.34785453284
1.33402152556
1.32010910659
1.30611603216
1.29204103532
1.2778827932
1.26363990029
1.24931086811
1.23489416208
1.22038826598
1.20579174274
1.19110325539
1.17632153879
1.16144536243
1.14647356051
1.13140517488
1.11623964921
1.10097690452
1.0856171553
1.07016055896
1.05460708694
1.03895704855
1.02321228348
1.00737737162
0.99145987562
0.975469140043
0.959414373584
0.943303678799
0.927145218281
0.910949773473
0.894732320844
0.878510599837
0.862299166018
0.84609500627
0.82985184206
0.813463310401
0.796806665434
0.779887746923
0.762949595619
0.746678101625
2.04945641997
2.03818056205
2.02761347241
2.01778468103
2.00855254374
1.99963759318
1.9907798931
1.98180010014
1.97260202717
1.96314959265
1.95344209046
1.94349647267
1.93333673293
1.92298812988
1.91247432991
1.90181622447
1.89103161702
1.88013530103
1.86913930843
1.85805325122
1.84688471163
1.83563962973
1.82432264251
1.81293735419
1.80148654488
1.78997233622
1.77839632921
1.76675971958
1.7550633902
1.74330798039
1.73149393556
1.71962154296
1.70769095868
1.6957022295
1.6836553104
1.67155007818
1.65938634115
1.64716384577
1.63488228124
1.62254128297
1.61014043569
1.59767927621
1.58515729587
1.57257394244
1.55992862133
1.54722069627
1.53444948956
1.52161428231
1.5087143147
1.49574878686
1.4827168603
1.46961765998
1.45645027655
1.44321376785
1.42990715855
1.41652943695
1.40307954912
1.38955639233
1.37595881127
1.3622856014
1.34853552146
1.33470731306
1.32079971986
1.30681149544
1.29274139153
1.27858812681
1.26435034955
1.25002661713
1.23561541376
1.22111521072
1.20652454583
1.19184207909
1.17706659145
1.16219693959
1.14723203642
1.13217093413
1.11701300366
1.10175807031
1.08640632245
1.07095798883
1.0554131125
1.03977191087
1.02403586691
1.00820893579
0.99229774836
0.976310214954
0.960253415817
0.944132796336
0.927953888794
0.911725238968
0.895459488998
0.879170585457
0.862866505515
0.846535883273
0.830129926157
0.813560913901
0.796756249821
0.779785070191
0.762946257513
0.746902189019
2.05164287287
2.04068685611
2.03007124684
2.01994718107
2.0103344652
2.00104934039
1.99187855212
1.98265560307
1.97327933796
1.96370206493
1.95391083708
1.94391202419
1.93372119059
1.92335715015
1.91283874448
1.90218329494
1.89140600101
1.88051980061
1.86953544172
1.85846167429
1.8473055207
1.83607257295
1.82476726476
1.81339309276
1.80195279087
1.79044847422
1.77888176343
1.76725389052
1.7555657834
1.74381812884
1.73201141793
1.72014598006
1.70822201003
1.69623959037
1.68419870927
1.67209927402
1.65994112043
1.64772401933
1.63544768133
1.6231117608
1.61071585949
1.59825952984
1.58574227768
1.57316356428
1.56052280772
1.5478193836
1.53505262546
1.52222182494
1.50932623201
1.49636505554
1.48333746437
1.47024258928
1.45707952531
1.44384733429
1.43054504598
1.41717165682
1.4037261254
1.39020736529
1.37661423825
1.3629455522
1.34920006824
1.33537651809
1.32147362729
1.30749013418
1.29342479245
1.27927635038
1.26504351241
1.25072490311
1.2363190606
1.22182447744
1.20723968027
1.19256330887
1.17779414595
1.16293108182
1.14797306286
1.13291911601
1.11776849698
1.10252087583
1.08717636705
1.07173530097
1.05619793896
1.04056458491
1.02483634826
1.00901613626
0.993108908943
0.977120630579
0.961056669113
0.944921319772
0.928719263372
0.912457609073
0.896146071272
0.879793846115
0.863402723653
0.846956085289
0.830408448562
0.813695533517
0.796790309499
0.779807289515
0.763080085618
0.747246227337
2.0536409416
2.04301958065
2.03239260655
2.02202231099
2.01207300589
2.00244903521
1.99298329191
1.98352533177
1.97397285365
1.96426948005
1.95439183188
1.94433666894
1.93411158578
1.92372915781
1.91320351289
1.9025484652
1.89177661694
1.88089900448
1.86992502211
1.85886249495
1.84771784089
1.83649627259
1.82520199458
1.81383837221
1.80240807316
1.79091319119
1.77935535675
1.76773583149
1.75605558322
1.74431534161
1.73251563964
1.72065684623
1.70873919327
1.69676279818
1.68472768163
1.67263378049
1.66048095692
1.6482690049
1.63599765546
1.62366658118
1.61127540041
1.59882368084
1.58631094232
1.57373665905
1.561100261
1.54840113492
1.53563862491
1.52281203281
1.50992061836
1.49696359956
1.48394015334
1.47084941694
1.45769049013
1.44446243805
1.43116429374
1.41779505904
1.40435370231
1.3908391525
1.37725029092
1.36358594445
1.34984488564
1.33602584407
1.32212752874
1.30814865473
1.29408796138
1.27994420922
1.26571615128
1.25140249013
1.23700184636
1.22251276679
1.20793378192
1.19326348953
1.17850061453
1.16364400593
1.14869258798
1.13364534817
1.11850144621
1.10326042182
1.08792233313
1.07248764222
1.05695688509
1.04133046737
1.02560895294
1.00979378191
0.99388782817
0.977895228499
0.961820618186
0.945668546277
0.929443614262
0.913151014087
0.89679647755
0.880384255118
0.863911536365
0.847359893439
0.830691508498
0.813867184503
0.79689871387
0.779931036664
0.763318587652
0.747675854562
2.05546888283
2.04518945401
2.03457958044
2.02400405436
2.01375700394
2.00382365
1.99408156299
1.98439831312
1.97467339187
1.9648442443
1.95487876196
1.94476510989
1.93450344141
1.92410032762
1.91356528862
1.90290870035
1.89214061073
1.88127015745
1.87030534945
1.85925304358
1.84811901605
1.83690807259
1.82562416647
1.81427051222
1.80284969464
1.79136377361
1.77981438051
1.76820280003
1.75653003414
1.74479685041
1.73300381983
1.72115134826
1.7092397033
1.69726903638
1.68523939968
1.67315075848
1.66100299994
1.64879593994
1.636529329
1.6242028574
1.61181615973
1.59936881863
1.5868603676
1.57429029319
1.56165803657
1.54896299481
1.53620452183
1.52338192906
1.51049448578
1.49754141931
1.48452191536
1.47143511873
1.45828013498
1.44505603305
1.4317618485
1.41839658617
1.40495922062
1.39144869263
1.37786390175
1.36420369671
1.35046686915
1.33665215672
1.3227582599
1.30878387092
1.2947277045
1.28058851493
1.26636508554
1.25205618941
1.23766053873
1.2231767548
1.20860338679
1.19393898062
1.17918216248
1.16433168463
1.1493864128
1.13434530487
1.1192074763
1.10397239265
1.08864007466
1.07321108355
1.05768615283
1.04206566266
1.02634944547
1.01053731423
0.994630163621
0.978630898381
0.962544332678
0.946375835666
0.930129599083
0.91380802057
0.897412521053
0.880943328252
0.864395022043
0.847750069724
0.83098092797
0.814073001349
0.797069718361
0.780134848988
0.763634844212
0.748164114611
2.05714099409
2.04720459
2.03663336966
2.02588707964
2.01537673773
2.00516164503
1.9951619986
1.98526441504
1.97537237346
1.96541923601
1.95536570159
1.94519234634
1.93489248032
1.92446696911
1.9139208479
1.90326111408
1.89249530943
1.88163070636
1.8706739347
1.8596308663
1.84850661018
1.83730554129
1.82603134213
1.81468706077
1.80327518661
1.79179773583
1.780256333
1.76865227915
1.75698660446
1.74526010941
1.73347339929
1.72162691463
1.70972095728
1.69775571148
1.68573125962
1.67364759381
1.66150462471
1.64930218899
1.63704005584
1.62471793277
1.6123354703
1.59989226569
1.58738786566
1.57482176856
1.56219342612
1.54950224503
1.53674758826
1.5239287761
1.5110450868
1.4980957569
1.48507998121
1.47199691311
1.45884566534
1.44562531194
1.43233489128
1.41897340972
1.40553984428
1.39203314244
1.37845221725
1.36479593811
1.35106312037
1.33725252052
1.3233628441
1.30939277006
1.29534098688
1.28120622601
1.26698727305
1.2526829429
1.23829202328
1.2238132142
1.2092451036
1.19458620628
1.17983505478
1.16499029047
1.1500507025
1.13501522028
1.11988294353
1.10465329613
1.08932625155
1.07390238068
1.05838245159
1.04276664918
1.02705402329
1.01124297587
0.995332962823
0.979326316762
0.963228331424
0.947044776032
0.930778607323
0.914429125862
0.897994231108
0.881471559361
0.864854535399
0.848128146542
0.831276483307
0.814307974206
0.79729095377
0.780399422782
0.764006437544
0.748689457184
2.0586686303
2.04907114447
2.03855450502
2.02766653599
2.01692360179
2.0064527028
1.99621425401
1.98611425253
1.97606174549
1.96598773189
1.95584706699
1.94561368058
1.93527467028
1.92482556989
1.9142671021
1.90360295009
1.89283818862
1.88197826722
1.87102847039
1.85999369633
1.84887837778
1.83768644084
1.82642128025
1.81508576522
1.8036822813
1.79221279418
1.78067891496
1.76908195434
1.75742296467
1.74570277464
1.73392202079
1.7220811763
1.71018057571
1.69822043438
1.68620086302
1.67412187872
1.66198341418
1.64978532574
1.63752740067
1.62520936322
1.61283087942
1.60039156064
1.58789096628
1.57532860594
1.56270394141
1.55001638843
1.53726531841
1.5244500598
1.51156989912
1.49862408145
1.48561181058
1.47253224887
1.45938451737
1.44616769669
1.43288082914
1.41952292228
1.40609295303
1.39258987042
1.37901259482
1.36536001173
1.35163096107
1.33782422675
1.32393853436
1.30997256497
1.29592498693
1.28179449694
1.26757985093
1.25327986276
1.23889336048
1.22441911503
1.20985578132
1.19520189612
1.18045594857
1.16561648896
1.15068221191
1.1356519837
1.12052486737
1.1053002423
1.0899780086
1.07455864064
1.05904276037
1.04343023403
1.02771947827
1.01190801824
0.995994576087
0.979981249598
0.963873342339
0.94767601028
0.93139042287
0.915013477024
0.8985410305
0.881969225124
0.865290884081
0.848494407988
0.831576242175
0.814565746984
0.797550193144
0.780707658445
0.764414594358
0.749234363537
2.06006092374
2.05079379768
2.04034300163
2.02933794878
2.01838989915
2.00768754654
1.9972288999
1.98693914268
1.97673395827
1.96654337324
1.95631757264
1.94602469284
1.93564623625
1.92517283115
1.91460112641
1.90393158684
1.89316685743
1.88231060315
1.87136680928
1.8603394341
1.84923224349
1.838048706
1.82679191515
1.81546455172
1.80406889215
1.7926068476
1.78108001048
1.76948969485
1.75783696944
1.74612268702
1.73434751279
1.72251195082
1.71061636649
1.69866100408
1.68664600029
1.67457139523
1.66243714214
1.65024311619
1.63798912211
1.62567490033
1.61330013172
1.60086444104
1.58836739967
1.57580852794
1.56318729723
1.55050313203
1.53775541178
1.52494347254
1.51206660826
1.49912407169
1.48611507475
1.47303878837
1.4598943422
1.44668082449
1.43339728303
1.42004272769
1.4066161347
1.39311645157
1.37954260036
1.36589347644
1.35216794087
1.33836480795
1.32448283417
1.31052071813
1.2964771194
1.28235069652
1.26814015103
1.253844254
1.23946183265
1.22499171277
1.21043264241
1.19578324343
1.18104203066
1.16620749746
1.15127822271
1.13625295189
1.12113066141
1.10591066464
1.0905927565
1.07517721031
1.05966434695
1.0440536893
1.02834335696
1.01253068357
0.99661423729
0.980595720805
0.964479439494
0.948268935382
0.931963763371
0.915559862402
0.899052459875
0.882436514774
0.865704180982
0.848847969869
0.831877062705
0.8148393325
0.797835843517
0.781044554073
0.764843506402
0.749784397358
2.0613253008
2.05237611427
2.04199849506
2.03089716791
2.01976870492
2.00885781183
1.99819734396
1.98773107779
1.97738196937
1.96708016913
1.95677221343
1.94642121313
1.93600364878
1.92550568357
1.91492018825
1.90424455684
1.89347906018
1.88262561415
1.87168695096
1.86066613439
1.84956628921
1.83839043002
1.82714134198
1.81582151057
1.80443309982
1.7929779641
1.78145767343
1.76987354018
1.7582266445
1.74651785967
1.73474787728
1.72291723034
1.71102631281
1.69907539532
1.68706463805
1.67499410216
1.66286376021
1.65067350536
1.63842315915
1.62611247742
1.61374115499
1.60130882905
1.58881508214
1.57625944469
1.56364139733
1.55096037307
1.53821575915
1.52540689883
1.51253309281
1.49959360044
1.4865876405
1.47351439132
1.46037299053
1.44716253434
1.43388207746
1.4205306342
1.40710718186
1.39361066621
1.38004000769
1.36639410509
1.35267183312
1.33887203197
1.32499349141
1.3110349379
1.29699503644
1.28287241628
1.26866571813
1.25437364501
1.23999498785
1.22552860155
1.21097333157
1.19632792476
1.1815909785
1.16676096929
1.15183635895
1.13681573597
1.12169794778
1.10648220622
1.09116814306
1.07575572004
1.06024485884
1.04463484319
1.02892395122
1.01310995593
0.997191525212
0.981169385612
0.96504575002
0.948822042434
0.932497067068
0.9160673703
0.89952831548
0.882873324283
0.866093762763
0.849187056236
0.83217511742
0.815121635458
0.798137201292
0.7813970257
0.765279802183
0.750327541167
2.06246785706
2.053820813
2.04352035578
2.03234034469
2.02105377484
2.00995595493
1.99911177175
1.98848270356
1.9779992528
1.96759251843
1.95720627401
1.94679930816
1.93634360506
1.92582128443
1.9152217639
1.90453956832
1.89377268881
1.88292133742
1.87198703562
1.860971999
1.84987874701
1.83870985693
1.82746780763
1.81615488637
1.80477314227
1.79332437116
1.7818101183
1.77023169106
1.75859017772
1.74688646927
1.73512128124
1.72329517307
1.71140856454
1.69946174979
1.68745491016
1.6753881262
1.66326138868
1.65107460797
1.63882762151
1.62652019961
1.61415204985
1.60172282082
1.58923210528
1.57667944309
1.56406432371
1.55138618835
1.5386444319
1.52583840449
1.51296741305
1.50003072263
1.48702755756
1.47395710209
1.4608185005
1.44761085653
1.43433323267
1.42098465001
1.40756409006
1.39407049916
1.38050279544
1.36685987577
1.35314061884
1.33934387975
1.32546847489
1.31151316167
1.29747662512
1.28335748612
1.2691543405
1.25486582182
1.24049066087
1.22602770355
1.21147586039
1.19683399731
1.1821008227
1.16727484721
1.15235446414
1.13733812715
1.12222453605
1.1070127345
1.09170208026
1.07629211092
1.06078234496
1.0451720614
1.02946015669
1.01364522996
0.997725923055
0.981701255642
0.965570624303
0.949333500147
0.932989079143
0.916535565743
0.899968441715
0.883279066252
0.866458309982
0.849509368199
0.832466309833
0.815405774078
0.798444553727
0.781753712596
0.765712139593
0.750853721557
2.06349363261
2.05512996948
2.04490778319
2.03366392426
2.02223948296
2.01097518691
1.99996510323
1.98918730072
1.97857980428
1.96807523388
1.95761535423
1.94715528847
1.93666301702
1.92611700488
1.91550354061
1.90481452055
1.89404579876
1.88319595482
1.87226534338
1.86125537293
1.85016799569
1.83900537846
1.82776970667
1.81646307219
1.80508740787
1.79364444881
1.78213571375
1.77056250376
1.75892591379
1.74722685058
1.73546605089
1.72364409733
1.71176143214
1.69981837022
1.68781511204
1.67575175625
1.66362831089
1.65144470257
1.63920078355
1.62689633729
1.61453108294
1.60210467932
1.58961672851
1.57706677906
1.56445432864
1.55177882626
1.53903967405
1.52623622876
1.51336780316
1.50043366743
1.48743305053
1.47436514133
1.46122908935
1.44802400478
1.43474895781
1.42140297781
1.4079850534
1.39449413481
1.38092913924
1.36728895867
1.35357246689
1.33977852064
1.3259059505
1.31195354109
1.29792000891
1.28380399322
1.26960407708
1.25531884416
1.2409469545
1.22648719902
1.2119384878
1.19729975532
1.18256982148
1.16774729584
1.15283060577
1.13781814998
1.122708476
1.10750035247
1.09219271162
1.07678459107
1.06127521997
1.04566417728
1.02995129039
1.01413601304
0.998216568311
0.982189740482
0.966052041122
0.949801664927
0.933439077545
0.916964324313
0.900372470847
0.883652660227
0.86679610954
0.849812411598
0.832746538586
0.815685254919
0.798749200839
0.782104795778
0.766130889174
0.751354459605
2.06440681566
2.05630516905
2.0461598816
2.0348646463
2.02332077863
2.01190942561
2.00075096184
1.9898387719
1.97911814254
1.96852355968
1.95799539772
1.94748573031
1.9369590133
1.92639041837
1.91576340865
1.90506750892
1.89429662206
1.88344780368
1.87252029789
1.86151474307
1.85043255886
1.83927553328
1.82804558058
1.81674460741
1.80537443142
1.79393672482
1.78243297829
1.77086448648
1.75923235109
1.74753749331
1.73578066816
1.72396247755
1.71208338263
1.70014371642
1.68814369697
1.67608344002
1.66396296988
1.65178222817
1.63954108056
1.62723932224
1.61487668263
1.60245282975
1.58996737411
1.57741987216
1.56480982906
1.55213670094
1.53939989659
1.52659877893
1.51373266631
1.50080083378
1.48780251455
1.47473690141
1.46160314802
1.44840036965
1.43512764312
1.42178400594
1.40836845517
1.39487994747
1.38131740161
1.36767970474
1.35396572086
1.34017429791
1.32630426752
1.31235443276
1.2983235458
1.28421028637
1.27001325985
1.25573103108
1.24136219279
1.22690544089
1.21235960947
1.19772362783
1.18299640705
1.16817671883
1.15326314651
1.13825413488
1.12314807634
1.10794334934
1.09263833479
1.07723158213
1.06172223223
1.04611041002
1.03039690209
1.01458170255
0.998662196078
0.982632898444
0.966488042117
0.95022536162
0.93384678626
0.917353541752
0.90073968879
0.883992696049
0.867105339543
0.850093711989
0.833011835645
0.815954065861
0.799043442954
0.78244183679
0.766527883366
0.751822606549
2.06521089442
2.0573476223
2.04727572101
2.03593955024
2.02429315666
2.01275325991
2.00146365258
1.99043163437
1.97960931014
1.96893318169
1.95834271489
1.94778750274
1.93722895415
1.92663929753
1.91599945094
1.90529682117
1.89452357394
1.88367538703
1.87275047281
1.86174873928
1.85067110362
1.83951900633
1.82829411816
1.81699817758
1.8056328927
1.79419987226
1.78270057769
1.77113629734
1.75950814004
1.74781704032
1.73606376845
1.7242489418
1.71237303703
1.70043640306
1.68843927419
1.6763817822
1.66426396647
1.65208578211
1.63984710656
1.6275477452
1.61518743654
1.60276585682
1.59028262423
1.57773730231
1.56512940293
1.55245838845
1.53972367357
1.52692462677
1.51406057158
1.50113078787
1.48813451308
1.47507094379
1.46193923718
1.4487385124
1.43546785116
1.42212629738
1.40871285577
1.39522649021
1.38166612356
1.36803064088
1.35431889706
1.3405297271
1.32666195417
1.31271438853
1.29868581242
1.2845749544
1.27038046671
1.25610092674
1.24173487781
1.22728090432
1.21273770948
1.19810414916
1.18337918915
1.16856179294
1.1536507834
1.13864472691
1.12354186711
1.10834014
1.09303736254
1.07763171451
1.06212244098
1.04651025017
1.03079657899
1.01498145707
0.999061250895
0.983028782644
0.966877058629
0.950603912517
0.934212115012
0.917702892841
0.901069071625
0.884297679734
0.867384285643
0.850350915151
0.833258432011
0.816206733058
0.799320553563
0.782757634943
0.766896214597
0.752252140204
2.06590877084
2.0582582524
2.04825438524
2.03688598229
2.02515263692
2.01350192262
2.00209814576
1.99096101748
1.98004887655
1.96930023351
1.95865399781
1.94805779181
1.93747045311
1.92686162125
1.91620993659
1.90550092935
1.89472525236
1.88387738038
1.8729545992
1.86195613787
1.85088244034
1.83973462754
1.82851415509
1.8172226149
1.80586161677
1.79443270914
1.78293732408
1.77137674326
1.75975208197
1.74806428644
1.73631413938
1.72450227045
1.71262916917
1.70069519855
1.68870060779
1.67664554336
1.66453005807
1.65235411872
1.64011761277
1.62782035438
1.61546209003
1.60304250335
1.59056121943
1.57801780822
1.5654117874
1.5527426247
1.54000973983
1.52721250607
1.51435025165
1.50142226096
1.48842777579
1.47536599657
1.46223608386
1.4490371598
1.43576830922
1.42242858001
1.40901698214
1.39553248577
1.38197401943
1.36834047034
1.35463068927
1.34084350073
1.32697771573
1.31303214079
1.29900557432
1.28489678524
1.27070447874
1.25642726745
1.24206367488
1.2276121917
1.2130713795
1.19843998048
1.18371696475
1.1689014534
1.15399250474
1.13898882731
1.12388855657
1.10868926823
1.09338836947
1.07798386081
1.06247515662
1.04686328743
1.03114976631
1.01533418607
0.999412123066
0.983375774453
0.967218062149
0.950936976853
0.934534873471
0.918011727202
0.901359447065
0.884566264482
0.8676314547
0.850581811637
0.833482797833
0.816438363552
0.799574743007
0.783046100136
0.767230071385
0.75263800666
2.06650284614
2.059037761
2.04909500961
2.03770160312
2.02589575092
2.01415127023
2.00265006412
1.99142266252
1.98043294437
1.96962130224
1.9589263288
1.94829411753
1.93768139842
1.92705558897
1.91639332182
1.90567848259
1.89490043287
1.88405263339
1.87313157167
1.86213586666
1.85106552398
1.83992137051
1.82870467229
1.81741689791
1.80605957499
1.79463419965
1.78314217663
1.77158477971
1.75996312823
1.74827817738
1.73653071986
1.7247213956
1.71285070538
1.7009190248
1.68892661635
1.67687363925
1.66476015771
1.65258614824
1.64035150665
1.62805605461
1.61569954555
1.60328166972
1.59080205832
1.57826028691
1.56565587822
1.5529883045
1.54025698961
1.52746131084
1.51460060041
1.50167414679
1.4886811958
1.47562095173
1.46249257843
1.44929520056
1.43602790485
1.42268974094
1.40927972149
1.39579682101
1.38223997395
1.3686080733
1.35489997222
1.3411144911
1.3272504305
1.31330658574
1.29928175416
1.28517472425
1.27098424167
1.25670896286
1.24234742577
1.2278980765
1.21335937358
1.19872994338
1.18400870035
1.16919481775
1.15428748456
1.13928551596
1.12418703436
1.10898949373
1.0936901956
1.07828715211
1.06277981432
1.04716900833
1.03145565605
1.01563866179
0.999713432923
0.983672811709
0.967510534859
0.951224306768
0.934814571886
0.918279109274
0.90160969806
0.884797402776
0.86784559867
0.850784332712
0.833681683988
0.816644678498
0.799801113879
0.783302139988
0.767524605666
0.752975996894
2.06699508518
2.05968667795
2.04979680998
2.03838439499
2.02651953321
2.01469776808
2.00311567226
1.99181292305
1.98075815726
1.96989343611
1.95915718617
1.94849434376
1.93785996945
1.92721963716
1.91654825764
1.90582830452
1.8950480622
1.88420016727
1.87328045127
1.86228701
1.85121945687
1.84007835175
1.8288647938
1.81758015035
1.80622588575
1.79480345603
1.78331424297
1.77175951098
1.76014037943
1.74845780879
1.7367125996
1.72490540115
1.71303672482
1.70110695749
1.68911637287
1.67706514048
1.6649533335
1.65278093621
1.64054785132
1.62825390689
1.61589886238
1.60348241374
1.59100419742
1.57846379376
1.56586072971
1.55319448131
1.54046447588
1.52767009396
1.51481067101
1.50188549884
1.48889382668
1.4758348622
1.46270777224
1.44951168373
1.43624568471
1.42290882554
1.40950011977
1.39601854442
1.38246303897
1.36883250366
1.35512579867
1.34134174708
1.32747914402
1.31353677139
1.2995134115
1.28540784798
1.2712188426
1.25694508959
1.24258517034
1.22813755107
1.21360066048
1.19897304021
1.18425349041
1.16944108529
1.15453497115
1.13953400038
1.12443642356
1.10923991444
1.09394203686
1.07854094037
1.06303581205
1.04742663709
1.03171318622
1.01589370983
0.999964264722
0.983919458024
0.967754314562
0.951465531052
0.935050362508
0.918503955132
0.901818930689
0.884990399048
0.86802568593
0.850956553882
0.833852173144
0.816822034666
0.799995609537
0.78352156158
0.767775826721
0.753262650833
2.06738706458
2.06020539835
2.05035910491
2.03893266789
2.02702151641
2.01513848007
2.00349186808
1.99212876449
1.98102170796
1.9701141541
1.95934445019
1.9486566832
1.93800464649
1.9273524532
1.91667360106
1.90594939614
1.89516725434
1.88431917016
1.87340046483
1.86240881162
1.85134349165
1.84020483133
1.82899378531
1.81771163984
1.80635981484
1.79493974013
1.78345278069
1.77190019062
1.76028308497
1.74860242551
1.73685901878
1.72505352308
1.71318646003
1.70125822646
1.68926910484
1.67721927222
1.6651088083
1.65293770328
1.64070586551
1.62841312842
1.61605925656
1.60364395055
1.59116685109
1.5786275423
1.56602555457
1.55336036705
1.54063140992
1.5278380664
1.51497967449
1.50205552847
1.4890648801
1.4760069395
1.46288087584
1.449685818
1.43642085535
1.42308503893
1.40967738282
1.39619686537
1.38264242953
1.36901298184
1.35530739075
1.34152448626
1.3276630639
1.31372189489
1.29969973996
1.28559535866
1.27140750281
1.2571348884
1.24277615619
1.22832985031
1.21379444908
1.19916845749
1.18445051947
1.16963946489
1.15473422032
1.13973360384
1.12463613835
1.1094400466
1.09414346619
1.07874471966
1.06324238829
1.04763509118
1.03192114633
1.01609839584
1.0001642678
0.984115815973
0.967949400952
0.951660047515
0.935241117702
0.918685197643
0.901986558743
0.885144877761
0.868170859752
0.851096723522
0.833991736312
0.816967431578
0.800154958899
0.783700988648
0.767980518008
0.753495183255
2.06768000849
2.06059420997
2.0507813321
2.03934506453
2.02739972839
2.01547106216
2.0037761762
1.99236776276
1.98122134489
1.9702814563
1.95948641038
1.94877970042
1.93811421467
1.92745298448
1.91676842635
1.90604094299
1.89525729062
1.88440899301
1.8734910016
1.86250067448
1.85143703315
1.84030021432
1.82909105433
1.81781077738
1.80646077519
1.7950424639
1.78355719806
1.77200622181
1.76039064293
1.74871142144
1.73696936817
1.72516514983
1.71329929742
1.701372216
1.68938419432
1.67733541425
1.66522595976
1.65305582534
1.64082492375
1.62853309276
1.61618010094
1.60376565245
1.59128939111
1.57875090381
1.56614972352
1.55348533183
1.54075716126
1.52796459716
1.51510697947
1.50218360418
1.48919372457
1.47613655218
1.46301125763
1.44981697125
1.43655278387
1.42321774774
1.40981087791
1.39633115371
1.38277751992
1.369148887
1.35544412996
1.34166208662
1.3278015571
1.31386130719
1.29984007708
1.28573659378
1.27154958112
1.25727775925
1.24291982842
1.22847444166
1.21394018142
1.19931555985
1.18459905358
1.16978916605
1.15488449471
1.13988377721
1.12478589499
1.10958980677
1.09429437215
1.07889805311
1.06339860873
1.04779307745
1.03207834081
1.01625212846
1.00031359394
0.984262335658
0.968095804587
0.951807052228
0.935385599476
0.918821921353
0.90211229544
0.885260700455
0.868280411627
0.851203316943
0.834098286682
0.81707850464
0.800276622037
0.783837794713
0.76813617364
0.753671427249
2.0678748145
2.06085331307
2.05106306042
2.03962056402
2.02765269077
2.01569375839
2.00396674332
1.99252810232
1.9813553767
1.97039383361
1.95958177385
1.94886231468
1.93818776445
1.92752044227
1.91683203375
1.90610232405
1.89531762369
1.88446914762
1.87355160865
1.86256215752
1.85149963815
1.84036405268
1.82915615218
1.81787711815
1.80652832664
1.79511118865
1.78362705349
1.77207715736
1.76046260057
1.74878434014
1.73704318967
1.72523982257
1.71337477731
1.70144846487
1.68946117795
1.67741310107
1.66530432062
1.65313483388
1.64090455672
1.62861333003
1.61626092517
1.60384704868
1.59137134633
1.57883340683
1.56623276484
1.55356890367
1.54084125753
1.52804921334
1.5151921124
1.50226925174
1.48927988537
1.47622322543
1.46309844316
1.44990466983
1.43664099756
1.42330648012
1.40990013388
1.39642093906
1.38286784116
1.36923975218
1.3555355509
1.34175408127
1.32789414919
1.31395451947
1.29993391763
1.28583104128
1.27164458267
1.25737325509
1.24301580514
1.22857098855
1.21403750016
1.19941388137
1.18469846808
1.16988945651
1.15498512092
1.13998411229
1.12488565099
1.10968938938
1.09439484074
1.07900054775
1.06350348187
1.04789929868
1.03218374923
1.01635464304
1.00041270068
0.984359589793
0.968193482083
0.951905681073
0.935482660656
0.918913437578
0.902196074267
0.885337867347
0.868353779681
0.851275105088
0.83417022384
0.817153508132
0.800358741183
0.783930051848
0.768240951545
0.753789792091
2.06797207162
2.06098283406
2.05120399813
2.03975848443
2.02777941826
2.01580539889
2.00406233525
1.99260857415
1.98142267485
1.97045027554
1.95962967327
1.94890380299
1.9382246905
1.92755430202
1.91686395478
1.90613312018
1.8953478836
1.884499307
1.87358198663
1.86259297081
1.8515310135
1.84039604686
1.82918877703
1.81791036358
1.80656217575
1.79514562348
1.78366205413
1.77211269951
1.76049865522
1.74882087609
1.7370801771
1.72527723541
1.71341259367
1.701486666
1.68949974694
1.67745202214
1.66534357905
1.65317441632
1.64094445145
1.62865352697
1.61630141569
1.60388782529
1.59141240254
1.57887473697
1.56627436411
1.55361076815
1.54088338421
1.52809160006
1.5152347577
1.50231215467
1.48932304523
1.47626664166
1.46314211537
1.44994859806
1.43668518262
1.42335092388
1.40994483921
1.39646590943
1.38291308017
1.36928526374
1.35558134038
1.34180015728
1.32794052415
1.31400120654
1.29998092266
1.285878353
1.27169216937
1.25742107781
1.24306384982
1.22861930291
1.21408620361
1.19946311729
1.18474829954
1.16993976099
1.15503557714
1.14003434418
1.12493548842
1.10973908138
1.09444502232
1.07905188595
1.06355616264
1.0479527034
1.03223664178
1.01640588915
1.00046209362
0.984408075395
0.968242352307
0.951955204184
0.935531426679
0.91895930243
0.902237938133
0.885376430089
0.868390567127
0.851311222818
0.834206465232
0.817191294167
0.800400101033
0.783976494085
0.768293640751
0.753849233279
2.06797207162
2.06098283406
2.05120399813
2.03975848443
2.02777941826
2.01580539889
2.00406233525
1.99260857415
1.98142267485
1.97045027554
1.95962967327
1.94890380299
1.9382246905
1.92755430202
1.91686395478
1.90613312018
1.8953478836
1.884499307
1.87358198663
1.86259297081
1.8515310135
1.84039604686
1.82918877703
1.81791036358
1.80656217575
1.79514562348
1.78366205413
1.77211269951
1.76049865522
1.74882087609
1.7370801771
1.72527723541
1.71341259367
1.701486666
1.68949974694
1.67745202214
1.66534357905
1.65317441632
1.64094445145
1.62865352697
1.61630141569
1.60388782529
1.59141240254
1.57887473697
1.56627436411
1.55361076815
1.54088338421
1.52809160006
1.5152347577
1.50231215467
1.48932304523
1.47626664166
1.46314211537
1.44994859806
1.43668518262
1.42335092388
1.40994483921
1.39646590943
1.38291308017
1.36928526374
1.35558134038
1.34180015728
1.32794052415
1.31400120654
1.29998092266
1.285878353
1.27169216937
1.25742107781
1.24306384982
1.22861930291
1.21408620361
1.19946311729
1.18474829954
1.16993976099
1.15503557714
1.14003434418
1.12493548842
1.10973908138
1.09444502232
1.07905188595
1.06355616264
1.0479527034
1.03223664178
1.01640588915
1.00046209362
0.984408075395
0.968242352307
0.951955204184
0.935531426679
0.91895930243
0.902237938133
0.885376430089
0.868390567127
0.851311222818
0.834206465232
0.817191294167
0.800400101033
0.783976494085
0.768293640751
0.753849233279
2.0678748145
2.06085331307
2.05106306042
2.03962056402
2.02765269077
2.01569375839
2.00396674332
1.99252810232
1.9813553767
1.97039383361
1.95958177385
1.94886231468
1.93818776445
1.92752044227
1.91683203375
1.90610232405
1.89531762369
1.88446914762
1.87355160865
1.86256215752
1.85149963815
1.84036405268
1.82915615218
1.81787711815
1.80652832664
1.79511118865
1.78362705349
1.77207715736
1.76046260057
1.74878434014
1.73704318967
1.72523982257
1.71337477731
1.70144846487
1.68946117795
1.67741310107
1.66530432062
1.65313483388
1.64090455672
1.62861333003
1.61626092517
1.60384704868
1.59137134633
1.57883340683
1.56623276484
1.55356890367
1.54084125753
1.52804921334
1.5151921124
1.50226925174
1.48927988537
1.47622322543
1.46309844316
1.44990466983
1.43664099756
1.42330648012
1.40990013388
1.39642093906
1.38286784116
1.36923975218
1.3555355509
1.34175408127
1.32789414919
1.31395451947
1.29993391763
1.28583104128
1.27164458267
1.25737325509
1.24301580514
1.22857098855
1.21403750016
1.19941388137
1.18469846808
1.16988945651
1.15498512092
1.13998411229
1.12488565099
1.10968938938
1.09439484074
1.07900054775
1.06350348187
1.04789929868
1.03218374923
1.01635464304
1.00041270068
0.984359589793
0.968193482083
0.951905681073
0.935482660656
0.918913437578
0.902196074267
0.885337867347
0.868353779681
0.851275105088
0.83417022384
0.817153508132
0.800358741183
0.783930051848
0.768240951545
0.753789792091
2.06768000849
2.06059420997
2.0507813321
2.03934506453
2.02739972839
2.01547106216
2.0037761762
1.99236776276
1.98122134489
1.9702814563
1.95948641038
1.94877970042
1.93811421467
1.92745298448
1.91676842635
1.90604094299
1.89525729062
1.88440899301
1.8734910016
1.86250067448
1.85143703315
1.84030021432
1.82909105433
1.81781077738
1.80646077519
1.7950424639
1.78355719806
1.77200622181
1.76039064293
1.74871142144
1.73696936817
1.72516514983
1.71329929742
1.701372216
1.68938419432
1.67733541425
1.66522595976
1.65305582534
1.64082492375
1.62853309276
1.61618010094
1.60376565245
1.59128939111
1.57875090381
1.56614972352
1.55348533183
1.54075716126
1.52796459716
1.51510697947
1.50218360418
1.48919372457
1.47613655218
1.46301125763
1.44981697125
1.43655278387
1.42321774774
1.40981087791
1.39633115371
1.38277751992
1.369148887
1.35544412996
1.34166208662
1.3278015571
1.31386130719
1.29984007708
1.28573659378
1.27154958112
1.25727775925
1.24291982842
1.22847444166
1.21394018142
1.19931555985
1.18459905358
1.16978916605
1.15488449471
1.13988377721
1.12478589499
1.10958980677
1.09429437215
1.07889805311
1.06339860873
1.04779307745
1.03207834081
1.01625212846
1.00031359394
0.984262335658
0.968095804587
0.951807052228
0.935385599476
0.918821921353
0.90211229544
0.885260700455
0.868280411627
0.851203316943
0.834098286682
0.81707850464
0.800276622037
0.783837794713
0.76813617364
0.753671427249
2.06738706458
2.06020539835
2.05035910491
2.03893266789
2.02702151641
2.01513848007
2.00349186808
1.99212876449
1.98102170796
1.9701141541
1.95934445019
1.9486566832
1.93800464649
1.9273524532
1.91667360106
1.90594939614
1.89516725434
1.88431917016
1.87340046483
1.86240881162
1.85134349165
1.84020483133
1.82899378531
1.81771163984
1.80635981484
1.79493974013
1.78345278069
1.77190019062
1.76028308497
1.74860242551
1.73685901878
1.72505352308
1.71318646003
1.70125822646
1.68926910484
1.67721927222
1.6651088083
1.65293770328
1.64070586551
1.62841312842
1.61605925656
1.60364395055
1.59116685109
1.5786275423
1.56602555457
1.55336036705
1.54063140992
1.5278380664
1.51497967449
1.50205552847
1.4890648801
1.4760069395
1.46288087584
1.449685818
1.43642085535
1.42308503893
1.40967738282
1.39619686537
1.38264242953
1.36901298184
1.35530739075
1.34152448626
1.3276630639
1.31372189489
1.29969973996
1.28559535866
1.27140750281
1.2571348884
1.24277615619
1.22832985031
1.21379444908
1.19916845749
1.18445051947
1.16963946489
1.15473422032
1.13973360384
1.12463613835
1.1094400466
1.09414346619
1.07874471966
1.06324238829
1.04763509118
1.03192114633
1.01609839584
1.0001642678
0.984115815973
0.967949400952
0.951660047515
0.935241117702
0.918685197643
0.901986558743
0.885144877761
0.868170859752
0.851096723522
0.833991736312
0.816967431578
0.800154958899
0.783700988648
0.767980518008
0.753495183255
2.06699508518
2.05968667795
2.04979680998
2.03838439499
2.02651953321
2.01469776808
2.00311567226
1.99181292305
1.98075815726
1.96989343611
1.95915718617
1.94849434376
1.93785996945
1.92721963716
1.91654825764
1.90582830452
1.8950480622
1.88420016727
1.87328045127
1.86228701
1.85121945687
1.84007835175
1.8288647938
1.81758015035
1.80622588575
1.79480345603
1.78331424297
1.77175951098
1.76014037943
1.74845780879
1.7367125996
1.72490540115
1.71303672482
1.70110695749
1.68911637287
1.67706514048
1.6649533335
1.65278093621
1.64054785132
1.62825390689
1.61589886238
1.60348241374
1.59100419742
1.57846379376
1.56586072971
1.55319448131
1.54046447588
1.52767009396
1.51481067101
1.50188549884
1.48889382668
1.4758348622
1.46270777224
1.44951168373
1.43624568471
1.42290882554
1.40950011977
1.39601854442
1.38246303897
1.36883250366
1.35512579867
1.34134174708
1.32747914402
1.31353677139
1.2995134115
1.28540784798
1.2712188426
1.25694508959
1.24258517034
1.22813755107
1.21360066048
1.19897304021
1.18425349041
1.16944108529
1.15453497115
1.13953400038
1.12443642356
1.10923991444
1.09394203686
1.07854094037
1.06303581205
1.04742663709
1.03171318622
1.01589370983
0.999964264722
0.983919458024
0.967754314562
0.951465531052
0.935050362508
0.918503955132
0.901818930689
0.884990399048
0.86802568593
0.850956553882
0.833852173144
0.816822034666
0.799995609537
0.78352156158
0.767775826721
0.753262650833
2.06650284614
2.059037761
2.04909500961
2.03770160312
2.02589575092
2.01415127023
2.00265006412
1.99142266252
1.98043294437
1.96962130224
1.9589263288
1.94829411753
1.93768139842
1.92705558897
1.91639332182
1.90567848259
1.89490043287
1.88405263339
1.87313157167
1.86213586666
1.85106552398
1.83992137051
1.82870467229
1.81741689791
1.80605957499
1.79463419965
1.78314217663
1.77158477971
1.75996312823
1.74827817738
1.73653071986
1.7247213956
1.71285070538
1.7009190248
1.68892661635
1.67687363925
1.66476015771
1.65258614824
1.64035150665
1.62805605461
1.61569954555
1.60328166972
1.59080205832
1.57826028691
1.56565587822
1.5529883045
1.54025698961
1.52746131084
1.51460060041
1.50167414679
1.4886811958
1.47562095173
1.46249257843
1.44929520056
1.43602790485
1.42268974094
1.40927972149
1.39579682101
1.38223997395
1.3686080733
1.35489997222
1.3411144911
1.3272504305
1.31330658574
1.29928175416
1.28517472425
1.27098424167
1.25670896286
1.24234742577
1.2278980765
1.21335937358
1.19872994338
1.18400870035
1.16919481775
1.15428748456
1.13928551596
1.12418703436
1.10898949373
1.0936901956
1.07828715211
1.06277981432
1.04716900833
1.03145565605
1.01563866179
0.999713432923
0.983672811709
0.967510534859
0.951224306768
0.934814571886
0.918279109274
0.90160969806
0.884797402776
0.86784559867
0.850784332712
0.833681683988
0.816644678498
0.799801113879
0.783302139988
0.767524605666
0.752975996894
2.06590877084
2.0582582524
2.04825438524
2.03688598229
2.02515263692
2.01350192262
2.00209814576
1.99096101748
1.98004887655
1.96930023351
1.95865399781
1.94805779181
1.93747045311
1.92686162125
1.91620993659
1.90550092935
1.89472525236
1.88387738038
1.8729545992
1.86195613787
1.85088244034
1.83973462754
1.82851415509
1.8172226149
1.80586161677
1.79443270914
1.78293732408
1.77137674326
1.75975208197
1.74806428644
1.73631413938
1.72450227045
1.71262916917
1.70069519855
1.68870060779
1.67664554336
1.66453005807
1.65235411872
1.64011761277
1.62782035438
1.61546209003
1.60304250335
1.59056121943
1.57801780822
1.5654117874
1.5527426247
1.54000973983
1.52721250607
1.51435025165
1.50142226096
1.48842777579
1.47536599657
1.46223608386
1.4490371598
1.43576830922
1.42242858001
1.40901698214
1.39553248577
1.38197401943
1.36834047034
1.35463068927
1.34084350073
1.32697771573
1.31303214079
1.29900557432
1.28489678524
1.27070447874
1.25642726745
1.24206367488
1.2276121917
1.2130713795
1.19843998048
1.18371696475
1.1689014534
1.15399250474
1.13898882731
1.12388855657
1.10868926823
1.09338836947
1.07798386081
1.06247515662
1.04686328743
1.03114976631
1.01533418607
0.999412123066
0.983375774453
0.967218062149
0.950936976853
0.934534873471
0.918011727202
0.901359447065
0.884566264482
0.8676314547
0.850581811637
0.833482797833
0.816438363552
0.799574743007
0.783046100136
0.767230071385
0.75263800666
2.06521089442
2.0573476223
2.04727572101
2.03593955024
2.02429315666
2.01275325991
2.00146365258
1.99043163437
1.97960931014
1.96893318169
1.95834271489
1.94778750274
1.93722895415
1.92663929753
1.91599945094
1.90529682117
1.89452357394
1.88367538703
1.87275047281
1.86174873928
1.85067110362
1.83951900633
1.82829411816
1.81699817758
1.8056328927
1.79419987226
1.78270057769
1.77113629734
1.75950814004
1.74781704032
1.73606376845
1.7242489418
1.71237303703
1.70043640306
1.68843927419
1.6763817822
1.66426396647
1.65208578211
1.63984710656
1.6275477452
1.61518743654
1.60276585682
1.59028262423
1.57773730231
1.56512940293
1.55245838845
1.53972367357
1.52692462677
1.51406057158
1.50113078787
1.48813451308
1.47507094379
1.46193923718
1.4487385124
1.43546785116
1.42212629738
1.40871285577
1.39522649021
1.38166612356
1.36803064088
1.35431889706
1.3405297271
1.32666195417
1.31271438853
1.29868581242
1.2845749544
1.27038046671
1.25610092674
1.24173487781
1.22728090432
1.21273770948
1.19810414916
1.18337918915
1.16856179294
1.1536507834
1.13864472691
1.12354186711
1.10834014
1.09303736254
1.07763171451
1.06212244098
1.04651025017
1.03079657899
1.01498145707
0.999061250895
0.983028782644
0.966877058629
0.950603912517
0.934212115012
0.917702892841
0.901069071625
0.884297679734
0.867384285643
0.850350915151
0.833258432011
0.816206733058
0.799320553563
0.782757634943
0.766896214597
0.752252140204
2.06440681566
2.05630516905
2.0461598816
2.0348646463
2.02332077863
2.01190942561
2.00075096184
1.9898387719
1.97911814254
1.96852355968
1.95799539772
1.94748573031
1.9369590133
1.92639041837
1.91576340865
1.90506750892
1.89429662206
1.88344780368
1.87252029789
1.86151474307
1.85043255886
1.83927553328
1.82804558058
1.81674460741
1.80537443142
1.79393672482
1.78243297829
1.77086448648
1.75923235109
1.74753749331
1.73578066816
1.72396247755
1.71208338263
1.70014371642
1.68814369697
1.67608344002
1.66396296988
1.65178222817
1.63954108056
1.62723932224
1.61487668263
1.60245282975
1.58996737411
1.57741987216
1.56480982906
1.55213670094
1.53939989659
1.52659877893
1.51373266631
1.50080083378
1.48780251455
1.47473690141
1.46160314802
1.44840036965
1.43512764312
1.42178400594
1.40836845517
1.39487994747
1.38131740161
1.36767970474
1.35396572086
1.34017429791
1.32630426752
1.31235443276
1.2983235458
1.28421028637
1.27001325985
1.25573103108
1.24136219279
1.22690544089
1.21235960947
1.19772362783
1.18299640705
1.16817671883
1.15326314651
1.13825413488
1.12314807634
1.10794334934
1.09263833479
1.07723158213
1.06172223223
1.04611041002
1.03039690209
1.01458170255
0.998662196078
0.982632898444
0.966488042117
0.95022536162
0.93384678626
0.917353541752
0.90073968879
0.883992696049
0.867105339543
0.850093711989
0.833011835645
0.815954065861
0.799043442954
0.78244183679
0.766527883366
0.751822606549
2.06349363261
2.05512996948
2.04490778319
2.03366392426
2.02223948296
2.01097518691
1.99996510323
1.98918730072
1.97857980428
1.96807523388
1.95761535423
1.94715528847
1.93666301702
1.92611700488
1.91550354061
1.90481452055
1.89404579876
1.88319595482
1.87226534338
1.86125537293
1.85016799569
1.83900537846
1.82776970667
1.81646307219
1.80508740787
1.79364444881
1.78213571375
1.77056250376
1.75892591379
1.74722685058
1.73546605089
1.72364409733
1.71176143214
1.69981837022
1.68781511204
1.67575175625
1.66362831089
1.65144470257
1.63920078355
1.62689633729
1.61453108294
1.60210467932
1.58961672851
1.57706677906
1.56445432864
1.55177882626
1.53903967405
1.52623622876
1.51336780316
1.50043366743
1.48743305053
1.47436514133
1.46122908935
1.44802400478
1.43474895781
1.42140297781
1.4079850534
1.39449413481
1.38092913924
1.36728895867
1.35357246689
1.33977852064
1.3259059505
1.31195354109
1.29792000891
1.28380399322
1.26960407708
1.25531884416
1.2409469545
1.22648719902
1.2119384878
1.19729975532
1.18256982148
1.16774729584
1.15283060577
1.13781814998
1.122708476
1.10750035247
1.09219271162
1.07678459107
1.06127521997
1.04566417728
1.02995129039
1.01413601304
0.998216568311
0.982189740482
0.966052041122
0.949801664927
0.933439077545
0.916964324313
0.900372470847
0.883652660227
0.86679610954
0.849812411598
0.832746538586
0.815685254919
0.798749200839
0.782104795778
0.766130889174
0.751354459605
2.06246785706
2.053820813
2.04352035578
2.03234034469
2.02105377484
2.00995595493
1.99911177175
1.98848270356
1.9779992528
1.96759251843
1.95720627401
1.94679930816
1.93634360506
1.92582128443
1.9152217639
1.90453956832
1.89377268881
1.88292133742
1.87198703562
1.860971999
1.84987874701
1.83870985693
1.82746780763
1.81615488637
1.80477314227
1.79332437116
1.7818101183
1.77023169106
1.75859017772
1.74688646927
1.73512128124
1.72329517307
1.71140856454
1.69946174979
1.68745491016
1.6753881262
1.66326138868
1.65107460797
1.63882762151
1.62652019961
1.61415204985
1.60172282082
1.58923210528
1.57667944309
1.56406432371
1.55138618835
1.5386444319
1.52583840449
1.51296741305
1.50003072263
1.48702755756
1.47395710209
1.4608185005
1.44761085653
1.43433323267
1.42098465001
1.40756409006
1.39407049916
1.38050279544
1.36685987577
1.35314061884
1.33934387975
1.32546847489
1.31151316167
1.29747662512
1.28335748612
1.2691543405
1.25486582182
1.24049066087
1.22602770355
1.21147586039
1.19683399731
1.1821008227
1.16727484721
1.15235446414
1.13733812715
1.12222453605
1.1070127345
1.09170208026
1.07629211092
1.06078234496
1.0451720614
1.02946015669
1.01364522996
0.997725923055
0.981701255642
0.965570624303
0.949333500147
0.932989079143
0.916535565743
0.899968441715
0.883279066252
0.866458309982
0.849509368199
0.832466309833
0.815405774078
0.798444553727
0.781753712596
0.765712139593
0.750853721557
2.0613253008
2.05237611427
2.04199849506
2.03089716791
2.01976870492
2.00885781183
1.99819734396
1.98773107779
1.97738196937
1.96708016913
1.95677221343
1.94642121313
1.93600364878
1.92550568357
1.91492018825
1.90424455684
1.89347906018
1.88262561415
1.87168695096
1.86066613439
1.84956628921
1.83839043002
1.82714134198
1.81582151057
1.80443309982
1.7929779641
1.78145767343
1.76987354018
1.7582266445
1.74651785967
1.73474787728
1.72291723034
1.71102631281
1.69907539532
1.68706463805
1.67499410216
1.66286376021
1.65067350536
1.63842315915
1.62611247742
1.61374115499
1.60130882905
1.58881508214
1.57625944469
1.56364139733
1.55096037307
1.53821575915
1.52540689883
1.51253309281
1.49959360044
1.4865876405
1.47351439132
1.46037299053
1.44716253434
1.43388207746
1.4205306342
1.40710718186
1.39361066621
1.38004000769
1.36639410509
1.35267183312
1.33887203197
1.32499349141
1.3110349379
1.29699503644
1.28287241628
1.26866571813
1.25437364501
1.23999498785
1.22552860155
1.21097333157
1.19632792476
1.1815909785
1.16676096929
1.15183635895
1.13681573597
1.12169794778
1.10648220622
1.09116814306
1.07575572004
1.06024485884
1.04463484319
1.02892395122
1.01310995593
0.997191525212
0.981169385612
0.96504575002
0.948822042434
0.932497067068
0.9160673703
0.89952831548
0.882873324283
0.866093762763
0.849187056236
0.83217511742
0.815121635458
0.798137201292
0.7813970257
0.765279802183
0.750327541167
2.06006092374
2.05079379768
2.04034300163
2.02933794878
2.01838989915
2.00768754654
1.9972288999
1.98693914268
1.97673395827
1.96654337324
1.95631757264
1.94602469284
1.93564623625
1.92517283115
1.91460112641
1.90393158684
1.89316685743
1.88231060315
1.87136680928
1.8603394341
1.84923224349
1.838048706
1.82679191515
1.81546455172
1.80406889215
1.7926068476
1.78108001048
1.76948969485
1.75783696944
1.74612268702
1.73434751279
1.72251195082
1.71061636649
1.69866100408
1.68664600029
1.67457139523
1.66243714214
1.65024311619
1.63798912211
1.62567490033
1.61330013172
1.60086444104
1.58836739967
1.57580852794
1.56318729723
1.55050313203
1.53775541178
1.52494347254
1.51206660826
1.49912407169
1.48611507475
1.47303878837
1.4598943422
1.44668082449
1.43339728303
1.42004272769
1.4066161347
1.39311645157
1.37954260036
1.36589347644
1.35216794087
1.33836480795
1.32448283417
1.31052071813
1.2964771194
1.28235069652
1.26814015103
1.253844254
1.23946183265
1.22499171277
1.21043264241
1.19578324343
1.18104203066
1.16620749746
1.15127822271
1.13625295189
1.12113066141
1.10591066464
1.0905927565
1.07517721031
1.05966434695
1.0440536893
1.02834335696
1.01253068357
0.99661423729
0.980595720805
0.964479439494
0.948268935382
0.931963763371
0.915559862402
0.899052459875
0.882436514774
0.865704180982
0.848847969869
0.831877062705
0.8148393325
0.797835843517
0.781044554073
0.764843506402
0.749784397358
2.0586686303
2.04907114447
2.03855450502
2.02766653599
2.01692360179
2.0064527028
1.99621425401
1.98611425253
1.97606174549
1.96598773189
1.95584706699
1.94561368058
1.93527467028
1.92482556989
1.9142671021
1.90360295009
1.89283818862
1.88197826722
1.87102847039
1.85999369633
1.84887837778
1.83768644084
1.82642128025
1.81508576522
1.8036822813
1.79221279418
1.78067891496
1.76908195434
1.75742296467
1.74570277464
1.73392202079
1.7220811763
1.71018057571
1.69822043438
1.68620086302
1.67412187872
1.66198341418
1.64978532574
1.63752740067
1.62520936322
1.61283087942
1.60039156064
1.58789096628
1.57532860594
1.56270394141
1.55001638843
1.53726531841
1.5244500598
1.51156989912
1.49862408145
1.48561181058
1.47253224887
1.45938451737
1.44616769669
1.43288082914
1.41952292228
1.40609295303
1.39258987042
1.37901259482
1.36536001173
1.35163096107
1.33782422675
1.32393853436
1.30997256497
1.29592498693
1.28179449694
1.26757985093
1.25327986276
1.23889336048
1.22441911503
1.20985578132
1.19520189612
1.18045594857
1.16561648896
1.15068221191
1.1356519837
1.12052486737
1.1053002423
1.0899780086
1.07455864064
1.05904276037
1.04343023403
1.02771947827
1.01190801824
0.995994576087
0.979981249598
0.963873342339
0.94767601028
0.93139042287
0.915013477024
0.8985410305
0.881969225124
0.865290884081
0.848494407988
0.831576242175
0.814565746984
0.797550193144
0.780707658445
0.764414594358
0.749234363537
2.05714099409
2.04720459
2.03663336966
2.02588707964
2.01537673773
2.00516164503
1.9951619986
1.98526441504
1.97537237346
1.96541923601
1.95536570159
1.94519234634
1.93489248032
1.92446696911
1.9139208479
1.90326111408
1.89249530943
1.88163070636
1.8706739347
1.8596308663
1.84850661018
1.83730554129
1.82603134213
1.81468706077
1.80327518661
1.79179773583
1.780256333
1.76865227915
1.75698660446
1.74526010941
1.73347339929
1.72162691463
1.70972095728
1.69775571148
1.68573125962
1.67364759381
1.66150462471
1.64930218899
1.63704005584
1.62471793277
1.6123354703
1.59989226569
1.58738786566
1.57482176856
1.56219342612
1.54950224503
1.53674758826
1.5239287761
1.5110450868
1.4980957569
1.48507998121
1.47199691311
1.45884566534
1.44562531194
1.43233489128
1.41897340972
1.40553984428
1.39203314244
1.37845221725
1.36479593811
1.35106312037
1.33725252052
1.3233628441
1.30939277006
1.29534098688
1.28120622601
1.26698727305
1.2526829429
1.23829202328
1.2238132142
1.2092451036
1.19458620628
1.17983505478
1.16499029047
1.1500507025
1.13501522028
1.11988294353
1.10465329613
1.08932625155
1.07390238068
1.05838245159
1.04276664918
1.02705402329
1.01124297587
0.995332962823
0.979326316762
0.963228331424
0.947044776032
0.930778607323
0.914429125862
0.897994231108
0.881471559361
0.864854535399
0.848128146542
0.831276483307
0.814307974206
0.79729095377
0.780399422782
0.764006437544
0.748689457184
2.05546888283
2.04518945401
2.03457958044
2.02400405436
2.01375700394
2.00382365
1.99408156299
1.98439831312
1.97467339187
1.9648442443
1.95487876196
1.94476510989
1.93450344141
1.92410032762
1.91356528862
1.90290870035
1.89214061073
1.88127015745
1.87030534945
1.85925304358
1.84811901605
1.83690807259
1.82562416647
1.81427051222
1.80284969464
1.79136377361
1.77981438051
1.76820280003
1.75653003414
1.74479685041
1.73300381983
1.72115134826
1.7092397033
1.69726903638
1.68523939968
1.67315075848
1.66100299994
1.64879593994
1.636529329
1.6242028574
1.61181615973
1.59936881863
1.5868603676
1.57429029319
1.56165803657
1.54896299481
1.53620452183
1.52338192906
1.51049448578
1.49754141931
1.48452191536
1.47143511873
1.45828013498
1.44505603305
1.4317618485
1.41839658617
1.40495922062
1.39144869263
1.37786390175
1.36420369671
1.35046686915
1.33665215672
1.3227582599
1.30878387092
1.2947277045
1.28058851493
1.26636508554
1.25205618941
1.23766053873
1.2231767548
1.20860338679
1.19393898062
1.17918216248
1.16433168463
1.1493864128
1.13434530487
1.1192074763
1.10397239265
1.08864007466
1.07321108355
1.05768615283
1.04206566266
1.02634944547
1.01053731423
0.994630163621
0.978630898381
0.962544332678
0.946375835666
0.930129599083
0.91380802057
0.897412521053
0.880943328252
0.864395022043
0.847750069724
0.83098092797
0.814073001349
0.797069718361
0.780134848988
0.763634844212
0.748164114611
2.0536409416
2.04301958065
2.03239260655
2.02202231099
2.01207300589
2.00244903521
1.99298329191
1.98352533177
1.97397285365
1.96426948005
1.95439183188
1.94433666894
1.93411158578
1.92372915781
1.91320351289
1.9025484652
1.89177661694
1.88089900448
1.86992502211
1.85886249495
1.84771784089
1.83649627259
1.82520199458
1.81383837221
1.80240807316
1.79091319119
1.77935535675
1.76773583149
1.75605558322
1.74431534161
1.73251563964
1.72065684623
1.70873919327
1.69676279818
1.68472768163
1.67263378049
1.66048095692
1.6482690049
1.63599765546
1.62366658118
1.61127540041
1.59882368084
1.58631094232
1.57373665905
1.561100261
1.54840113492
1.53563862491
1.52281203281
1.50992061836
1.49696359956
1.48394015334
1.47084941694
1.45769049013
1.44446243805
1.43116429374
1.41779505904
1.40435370231
1.3908391525
1.37725029092
1.36358594445
1.34984488564
1.33602584407
1.32212752874
1.30814865473
1.29408796138
1.27994420922
1.26571615128
1.25140249013
1.23700184636
1.22251276679
1.20793378192
1.19326348953
1.17850061453
1.16364400593
1.14869258798
1.13364534817
1.11850144621
1.10326042182
1.08792233313
1.07248764222
1.05695688509
1.04133046737
1.02560895294
1.00979378191
0.99388782817
0.977895228499
0.961820618186
0.945668546277
0.929443614262
0.913151014087
0.89679647755
0.880384255118
0.863911536365
0.847359893439
0.830691508498
0.813867184503
0.79689871387
0.779931036664
0.763318587652
0.747675854562
2.05164287287
2.04068685611
2.03007124684
2.01994718107
2.0103344652
2.00104934039
1.99187855212
1.98265560307
1.97327933796
1.96370206493
1.95391083708
1.94391202419
1.93372119059
1.92335715015
1.91283874448
1.90218329494
1.89140600101
1.88051980061
1.86953544172
1.85846167429
1.8473055207
1.83607257295
1.82476726476
1.81339309276
1.80195279087
1.79044847422
1.77888176343
1.76725389052
1.7555657834
1.74381812884
1.73201141793
1.72014598006
1.70822201003
1.69623959037
1.68419870927
1.67209927402
1.65994112043
1.64772401933
1.63544768133
1.6231117608
1.61071585949
1.59825952984
1.58574227768
1.57316356428
1.56052280772
1.5478193836
1.53505262546
1.52222182494
1.50932623201
1.49636505554
1.48333746437
1.47024258928
1.45707952531
1.44384733429
1.43054504598
1.41717165682
1.4037261254
1.39020736529
1.37661423825
1.3629455522
1.34920006824
1.33537651809
1.32147362729
1.30749013418
1.29342479245
1.27927635038
1.26504351241
1.25072490311
1.2363190606
1.22182447744
1.20723968027
1.19256330887
1.17779414595
1.16293108182
1.14797306286
1.13291911601
1.11776849698
1.10252087583
1.08717636705
1.07173530097
1.05619793896
1.04056458491
1.02483634826
1.00901613626
0.993108908943
0.977120630579
0.961056669113
0.944921319772
0.928719263372
0.912457609073
0.896146071272
0.879793846115
0.863402723653
0.846956085289
0.830408448562
0.813695533517
0.796790309499
0.779807289515
0.763080085618
0.747246227337
2.04945641997
2.03818056205
2.02761347241
2.01778468103
2.00855254374
1.99963759318
1.9907798931
1.98180010014
1.97260202717
1.96314959265
1.95344209046
1.94349647267
1.93333673293
1.92298812988
1.91247432991
1.90181622447
1.89103161702
1.88013530103
1.86913930843
1.85805325122
1.84688471163
1.83563962973
1.82432264251
1.81293735419
1.80148654488
1.78997233622
1.77839632921
1.76675971958
1.7550633902
1.74330798039
1.73149393556
1.71962154296
1.70769095868
1.6957022295
1.6836553104
1.67155007818
1.65938634115
1.64716384577
1.63488228124
1.62254128297
1.61014043569
1.59767927621
1.58515729587
1.57257394244
1.55992862133
1.54722069627
1.53444948956
1.52161428231
1.5087143147
1.49574878686
1.4827168603
1.46961765998
1.45645027655
1.44321376785
1.42990715855
1.41652943695
1.40307954912
1.38955639233
1.37595881127
1.3622856014
1.34853552146
1.33470731306
1.32079971986
1.30681149544
1.29274139153
1.27858812681
1.26435034955
1.25002661713
1.23561541376
1.22111521072
1.20652454583
1.19184207909
1.17706659145
1.16219693959
1.14723203642
1.13217093413
1.11701300366
1.10175807031
1.08640632245
1.07095798883
1.0554131125
1.03977191087
1.02403586691
1.00820893579
0.99229774836
0.976310214954
0.960253415817
0.944132796336
0.927953888794
0.911725238968
0.895459488998
0.879170585457
0.862866505515
0.846535883273
0.830129926157
0.813560913901
0.796756249821
0.779785070191
0.762946257513
0.746902189019
2.04705790891
2.03548651283
2.02501631399
2.01554191094
2.00674036987
1.9982287209
1.98970131283
1.98097081779
1.9719508407
1.96262020341
1.95299228638
1.94309554097
1.93296281767
1.92262602608
1.91211375557
1.90145048045
1.89065654752
1.87974850626
1.86873957499
1.85764015366
1.84645833375
1.83520036646
1.82387106102
1.81247410205
1.80101229358
1.7894877477
1.77790203546
1.76625630991
1.75455140437
1.74278790689
1.73096621385
1.7190865675
1.70714908336
1.69515377125
1.6831005522
1.67098927172
1.65881970966
1.64659158705
1.6343045706
1.62195827589
1.60955226988
1.59708607321
1.58455916217
1.57197097036
1.55932088987
1.54660827187
1.53383242699
1.52099262558
1.50808809819
1.49511803658
1.48208159527
1.4689778935
1.45580601678
1.44256501734
1.42925391221
1.41587167892
1.40241724973
1.38888950701
1.37528728362
1.3616093707
1.34785453284
1.33402152556
1.32010910659
1.30611603216
1.29204103532
1.2778827932
1.26363990029
1.24931086811
1.23489416208
1.22038826598
1.20579174274
1.19110325539
1.17632153879
1.16144536243
1.14647356051
1.13140517488
1.11623964921
1.10097690452
1.0856171553
1.07016055896
1.05460708694
1.03895704855
1.02321228348
1.00737737162
0.99145987562
0.975469140043
0.959414373584
0.943303678799
0.927145218281
0.910949773473
0.894732320844
0.878510599837
0.862299166018
0.84609500627
0.82985184206
0.813463310401
0.796806665434
0.779887746923
0.762949595619
0.746678101625
2.04441611862
2.03258592886
2.0222759247
2.01322784116
2.00491392195
1.99684020623
1.98865867544
1.98018102402
1.97133654454
1.96212255362
1.95256837329
1.94271484708
1.9326041025
1.92227487678
1.91176070292
1.90108955088
1.89028417051
1.87936272659
1.86833951143
1.85722563213
1.84602963129
1.834758027
1.82341576522
1.81200658231
1.80053328401
1.78899795708
1.77740213241
1.76574691424
1.75403308232
1.7422611701
1.73043152163
1.71854433117
1.7065996712
1.69459751291
1.68253774228
1.67042017273
1.65824455484
1.64601058314
1.63371790075
1.62136610231
1.60895473608
1.59648330568
1.58395127165
1.57135805281
1.55870302728
1.54598553321
1.53320486922
1.52036029479
1.50745103089
1.49447626099
1.48143513248
1.4683267581
1.45515021673
1.44190455257
1.4285887724
1.41520184104
1.40174267704
1.3882101511
1.37460309026
1.36092028844
1.34716052085
1.333322556
1.31940515751
1.30540707113
1.29132699928
1.2771635746
1.26291534944
1.24858081445
1.23415844609
1.21964676274
1.20504435789
1.19034988796
1.17556202895
1.16067945927
1.14570093599
1.13062547151
1.11545250933
1.10018193505
1.08481385332
1.06934830582
1.05378530718
1.03812548197
1.02237115813
1.00652731921
0.990601775852
0.974604426195
0.95854619117
0.94243854385
0.92629412673
0.91012800672
0.893958530536
0.877806940356
0.861693936397
0.845626626806
0.829567305389
0.813399125893
0.796948956476
0.780140139246
0.76312954017
0.746618672152
2.04148910908
2.0294540512
2.0193881334
2.01085484119
2.00309347841
1.99549303206
1.98767018863
1.97944538606
1.9707706129
1.96166552797
1.95217726763
1.94235993498
1.93226528096
1.92193891192
1.91141916783
1.90073730442
1.88991827085
1.87898168634
1.86794279977
1.85681333883
1.84560223177
1.83431621423
1.82296033257
1.81153834808
1.80005304827
1.7885064799
1.77690012362
1.76523502821
1.75351191536
1.74173126021
1.72989335081
1.7179983299
1.70604622377
1.69403696262
1.68197039576
1.66984630343
1.65766440594
1.64542437032
1.63312581488
1.62076831204
1.60835139018
1.59587453489
1.58333719017
1.57073875938
1.55807860623
1.54535605549
1.53257039349
1.51972086872
1.5068066924
1.49382703937
1.48078104912
1.46766782646
1.45448644146
1.44123592777
1.42791527965
1.41452344841
1.40105934033
1.38752181835
1.37390970881
1.36022181228
1.34645691427
1.33261379001
1.318691198
1.30468786219
1.29060244927
1.27643355385
1.26217970426
1.24783939407
1.23341112932
1.21889346788
1.20428502578
1.1895844453
1.17479035583
1.15990138647
1.14491627261
1.12983402518
1.1146540446
1.09937605911
1.08399990994
1.06852541935
1.05295265107
1.03728264908
1.02151833727
1.00566505735
0.989730497734
0.973724343691
0.95765829093
0.941546702595
0.925407417178
0.909261871645
0.893134405686
0.877051590384
0.861040787176
0.845120115603
0.829265519311
0.813360200243
0.797186499318
0.780567888895
0.763534355615
0.746783377454
2.03821941883
2.0260586641
2.01635010534
2.00844139885
2.00130565204
1.99421259335
1.98675645115
1.97877949812
1.97026455398
1.96125765358
1.95182554309
1.94203626165
1.93195126537
1.92162280653
1.91109370494
1.90039819933
1.88956321042
1.87860965304
1.86755361799
1.85640736579
1.84518014348
1.83387885634
1.82250861824
1.81107319202
1.79957532882
1.78801702055
1.77639968581
1.76472430905
1.7529915473
1.74120181212
1.72935533085
1.71745219024
1.70549236642
1.69347574542
1.68140213754
1.6692712882
1.65708288619
1.64483656984
1.63253193139
1.62016851973
1.60774584203
1.59526336479
1.58272051456
1.57011667871
1.5574512061
1.54472340783
1.53193255779
1.51907789316
1.506158615
1.49317388876
1.48012284471
1.46700457784
1.45381814702
1.44056257309
1.4272368364
1.4138398751
1.40037058563
1.38682782681
1.37321042734
1.35951719416
1.34574691764
1.3318983693
1.3179702903
1.30396137433
1.28987025319
1.27569549543
1.26143562485
1.24708915542
1.23265462821
1.21813062966
1.20351577879
1.18880869447
1.1740079812
1.15911227819
1.14412037842
1.12903135304
1.11384457131
1.09855956483
1.08317585218
1.06769299039
1.05211106155
1.03643148854
1.02065773227
1.00479543138
0.988852045375
0.972836695796
0.956761005668
0.94064095933
0.924498636022
0.908362327555
0.892264862259
0.876241847543
0.860330507112
0.844562216799
0.828931218845
0.813332604962
0.797516983906
0.781196556316
0.764223812031
0.747253371985
2.03452665313
2.02235887649
2.01316381001
2.00601594109
1.99958509773
1.99302839475
1.98593911806
1.97819837682
1.96982881256
1.96090666617
1.95151959833
1.94174971106
1.93166778202
1.92133219585
1.91078980908
1.90007753269
1.88922405895
1.878251464
1.86717657974
1.85601211984
1.84476758943
1.83345001978
1.8220645609
1.81061495275
1.79910388878
1.78753328676
1.77590448656
1.76421839491
1.75247559392
1.74067642369
1.72882104439
1.71690948121
1.70494165532
1.69291740453
1.68083649714
1.66869864154
1.65650349344
1.6442506612
1.63193970975
1.6195701632
1.60714150633
1.59465318545
1.58210460886
1.56949514732
1.55682413452
1.5440908676
1.53129460772
1.51843458039
1.50550997583
1.49251994897
1.47946361922
1.4663400697
1.4531483459
1.43988745419
1.42655636069
1.41315399177
1.3996792368
1.38613095321
1.37250797243
1.35880910383
1.34503313369
1.33117881765
1.31724486853
1.30322994496
1.28913264851
1.27495153462
1.2606851371
1.24633199719
1.23189068272
1.21735978605
1.20273790359
1.18802362045
1.17321553593
1.15831234864
1.14331296971
1.12821657905
1.11302254569
1.09773024122
1.08233893598
1.0668480302
1.05125770409
1.03556973023
1.01978796183
1.00391818739
0.987967618304
0.971944843445
0.955861083993
0.939732761045
0.923584190647
0.907448733918
0.891367812248
0.87538907923
0.85956474092
0.84394488539
0.828548851081
0.813297693369
0.797931250223
0.782050530139
0.765273148669
0.748142669957
2.0302953221
2.01830400557
2.00984079949
2.00361965842
1.99797331323
1.99197081503
1.98523783183
1.97771471216
1.96947255257
1.9606204162
1.9512670388
1.94150790833
1.93142233879
1.92107424573
1.91051414885
1.8997814193
1.88890639098
1.87791220372
1.86681634646
1.85563191273
1.84436860412
1.83303352715
1.82163182582
1.81016718078
1.79864219537
1.78705868466
1.77541788559
1.76372060794
1.75196734446
1.74015835306
1.72829371863
1.7163733983
1.70439725291
1.69236506775
1.68027656573
1.66813141585
1.65592923904
1.64366961245
1.63135207271
1.61897611813
1.60654121009
1.59404677379
1.58149219852
1.56887683784
1.55620000983
1.54346099738
1.53065904849
1.51779337643
1.50486315967
1.49186754131
1.47880562815
1.46567648945
1.45247915565
1.43921261784
1.42587582861
1.41246770454
1.39898713043
1.38543296352
1.37180403596
1.35809915309
1.34431708695
1.33045656644
1.31651626862
1.30249481676
1.28839078937
1.27420273955
1.25992921783
1.24556878757
1.23112002332
1.21658149365
1.2019517458
1.18722932195
1.17241282966
1.15750105272
1.14249303751
1.12738806884
1.11218550839
1.09688460611
1.08148451433
1.06598469226
1.05038563936
1.03468959624
1.01890078387
1.00302506891
0.987069480659
0.971042367303
0.954954827967
0.938823367316
0.922672895362
0.906538934927
0.890468605974
0.874520911932
0.858766149342
0.843279786565
0.828116373565
0.813241668497
0.798417322606
0.783154045384
0.766779979423
0.749617212671
2.02535064678
2.01382836866
2.00640339568
2.00130303216
1.99651176264
1.99106556386
1.98466822672
1.97734008515
1.96920662484
1.96041007235
1.95107913991
1.94132162069
1.9312246852
1.92085745505
1.91027397779
1.89951600688
1.88861543693
1.87759637656
1.86647687041
1.85527029275
1.84398645005
1.83263244309
1.82121334056
1.80973270584
1.79819300425
1.78659590905
1.77494252319
1.76323353577
1.75146933286
1.73965007792
1.72777577183
1.71584629718
1.70386144947
1.69182095754
1.6797244959
1.66757169196
1.6553621304
1.64309535617
1.63077087677
1.618388164
1.60594665513
1.59344575344
1.58088482847
1.56826321594
1.55558021777
1.54283510204
1.53002710305
1.51715542108
1.50421922173
1.49121763481
1.4781497528
1.4650146294
1.45181127896
1.43853867735
1.42519576487
1.4117814505
1.39829461606
1.38473411814
1.37109878565
1.35738741251
1.34359874743
1.3297314851
1.31578426446
1.30175567763
1.28764428892
1.27344865691
1.25916734856
1.2447989358
1.23034197395
1.21579497751
1.20115642226
1.18642480207
1.17159874115
1.15667711253
1.1416590745
1.12654395839
1.11133105103
1.09601945882
1.08060828894
1.06509722986
1.04948731293
1.0337814281
1.01798428547
1.00210194858
0.986141511457
0.970111590182
0.95402393347
0.937895852177
0.921752808558
0.905630828363
0.8895792124
0.873664133501
0.857971721447
0.842605065527
0.827662765642
0.813177019123
0.798978108684
0.784542555725
0.768881229857
0.751931988122
2.01939921939
2.00883166539
2.00287648626
1.99911553333
1.99523485644
1.99033376779
1.98424722212
1.97709170092
1.96904888806
1.96029286235
1.95097118767
1.94120350607
1.93108480738
1.92068949066
1.91007513854
1.89928579408
1.88835475188
1.87730690242
1.86616066091
1.85492951281
1.84362322196
1.83224876049
1.82081102357
1.80931338123
1.79775810284
1.78614667615
1.77448003746
1.76275873148
1.75098302092
1.73915296354
1.72726846865
1.71532933911
1.70333530133
1.69128602479
1.67918113338
1.66702021125
1.65480280561
1.64252842835
1.63019655722
1.61780663693
1.60535807993
1.59285026688
1.58028254673
1.56765423655
1.5549646213
1.54221295353
1.52939845303
1.51652030608
1.5035776642
1.49056964239
1.4774953172
1.46435372555
1.45114386515
1.43786469725
1.42451515139
1.4110941305
1.39760051388
1.38403315538
1.37039087568
1.35667245021
1.34287659769
1.32900197538
1.31504718633
1.30101079903
1.28689137279
1.2726874768
1.25839769
1.24402057668
1.22955464873
1.21499834311
1.20035005145
1.1856082213
1.17077150178
1.15583884939
1.14080949286
1.12568272816
1.11045766796
1.09513319957
1.07970836356
1.06418310463
1.04855902744
1.03283970358
1.01703037644
1.00113742528
0.985168281032
0.969132344619
0.95304289363
0.936919365577
0.920789350007
0.904690487458
0.888673739609
0.872809453187
0.857194771598
0.841956322133
0.827237609158
0.813152812831
0.799654894992
0.786289115238
0.771793702642
0.755516097705
2.01187327873
2.00312555199
1.9992688548
1.99709898407
1.99417577208
1.98980444638
1.9840041018
1.97699783871
1.96902390506
1.96028802195
1.95095698329
1.94116280616
1.93100860114
1.92057402765
1.90991994939
1.89909233394
1.88812549567
1.87704476226
1.86586862797
1.85461045257
1.84327977051
1.83188328266
1.82042560503
1.80890983802
1.79733800083
1.78571135719
1.77403064957
1.76229625932
1.75050831296
1.73866675409
1.72677139501
1.71482195525
1.70281808954
1.69075940598
1.67864547613
1.66647583937
1.65425000419
1.64196744836
1.62962761897
1.61722993277
1.60477377653
1.59225850727
1.57968345227
1.56704790883
1.55435114385
1.54159239326
1.52877086125
1.5158857189
1.50293610229
1.48992111015
1.47683980178
1.46369119639
1.45047427495
1.43718798479
1.42383124574
1.41040295529
1.39690198928
1.38332719569
1.36967738183
1.3559512991
1.34214763248
1.32826500208
1.31430198021
1.30025711996
1.28612898325
1.27191615219
1.25761721156
1.24323070399
1.22875508069
1.21418868859
1.19952983401
1.18477692875
1.16992865959
1.15498406399
1.13994240787
1.12480288634
1.10956435751
1.09422541732
1.07878498117
1.0632431811
1.04760208023
1.03186576211
1.01603981792
1.00013080593
0.984146455965
0.968097051628
0.951997732412
0.93587087282
0.919747808
0.90367034688
0.887694107571
0.871895806628
0.856383614947
0.841305123262
0.826845329992
0.813205308527
0.800508650635
0.788518336645
0.775884367446
0.761174251648
2.0017115345
1.99646310604
1.99563897034
1.99533611682
1.99339376542
1.98951940681
1.98396729261
1.97707488099
1.96913811292
1.9603951137
1.95103231908
1.94119396932
1.93099070853
1.92050667955
1.90980525772
1.8989336753
1.88792674406
1.87680983342
1.865601225
1.85431394161
1.8429571378
1.83153713793
1.82005820672
1.8085231264
1.79693363369
1.7852907468
1.77359500007
1.76184660193
1.75004553631
1.7381916284
1.72628459052
1.71432405672
1.70230960824
1.69024079013
1.67811711994
1.66593809058
1.65370317014
1.64141180064
1.62906339702
1.61665734667
1.60419300927
1.5916697168
1.57908677342
1.56644345518
1.55373900946
1.5409726542
1.52814357659
1.51525093115
1.50229383711
1.48927137561
1.47618258763
1.46302647416
1.44980199952
1.43650809758
1.42314367892
1.40970763516
1.39619883672
1.38261612216
1.36895828105
1.35522403713
1.34141204053
1.32752087672
1.31354909297
1.29949523376
1.28535786834
1.27113559153
1.25682698782
1.24243056816
1.2279447137
1.21336767792
1.19869768799
1.18393313473
1.1690727589
1.15411568583
1.13906120747
1.12390839011
1.10865580406
1.09330172724
1.0778449251
1.06228566612
1.04662635835
1.03087140209
1.01502647068
0.999097988181
0.983093625338
0.967024122903
0.950905987474
0.934764077243
0.918633374882
0.902560640513
0.88660837517
0.87086356351
0.855450517641
0.840542947108
0.82637123682
0.813229903933
0.80145922571
0.791243666835
0.781589810153
0.770344214977
1.98745615533
1.9885165757
1.99195235776
1.99381708443
1.99288000526
1.98947129875
1.98412871833
1.97731367637
1.96938265118
1.96060697526
1.95119237277
1.94129440336
1.93103023109
1.92048758824
1.90973165801
1.89881041237
1.88775877735
1.87660188614
1.86535760626
1.85403847715
1.84265316655
1.83120754371
1.81970546395
1.80814934851
1.79654062008
1.78488002815
1.77316788141
1.76140420177
1.74958881968
1.73772143297
1.72580164673
1.71382900356
1.7018030063
1.68972313271
1.67758884251
1.66539957856
1.65315476514
1.6408538054
1.62849607929
1.61608094228
1.60360772467
1.59107573127
1.57848424105
1.56583250674
1.55311975418
1.54034518121
1.52750795604
1.51460721469
1.50164205795
1.48861154816
1.47551470746
1.46235051862
1.44911792957
1.43581586066
1.42244321206
1.4089988668
1.39548168588
1.38189049396
1.36822405968
1.35448107854
1.34066016876
1.32675988677
1.31277876076
1.29871532998
1.2845681695
1.27033588054
1.25601703892
1.24161011806
1.22711342998
1.2125251439
1.19784342262
1.18306665008
1.16819362819
1.15322356871
1.13815578585
1.12298922337
1.10772219045
1.09235269089
1.07687938132
1.06130267832
1.04562530163
1.02985189679
1.01398812439
0.998040151709
0.982015397636
0.965924724498
0.949785449996
0.933624082161
0.917478141971
0.901398113352
0.885452490331
0.869738804521
0.85440001185
0.839641487198
0.82574766535
0.813120656292
0.80236929927
0.794347346163
0.789184556045
0.784770277295
)
;

boundaryField
{
    wall
    {
        type            calculatedMaxwell;
        value           nonuniform List<scalar> 
200
(
0.292361379939
0.292946581029
0.293723419436
0.294144920536
0.294095609676
0.29365747191
0.292918282479
0.291947050729
0.290797901172
0.289513930275
0.28812881306
0.28666817508
0.285151160441
0.283591928839
0.282000881024
0.280385596461
0.278751543746
0.277102624563
0.275441589997
0.273770350751
0.272090198304
0.270401959313
0.268706110313
0.267002875436
0.265292316248
0.263574408911
0.261849098811
0.260116328239
0.258376042324
0.256628184322
0.25487269032
0.253109488026
0.251338499103
0.249559642346
0.247772835621
0.245977996119
0.244175039578
0.242363879327
0.240544425596
0.238716585173
0.236880261254
0.23503535337
0.233181757333
0.231319365193
0.22944806521
0.22756774178
0.225678275205
0.223779541211
0.221871410152
0.219953746065
0.218026405926
0.216089239566
0.214142090668
0.212184798859
0.210217202443
0.208239140764
0.206250455009
0.2042509865
0.202240572261
0.200219038757
0.198186195881
0.196141834138
0.194085727832
0.192017645217
0.189937362855
0.187844676885
0.185739401772
0.183621351085
0.181490306283
0.179345993235
0.1771880912
0.175016284627
0.172830336961
0.170630138326
0.168415683838
0.16618698511
0.163943975093
0.161686485832
0.159414336035
0.157127492876
0.154826226103
0.152511170483
0.150183233517
0.147843341511
0.145492168884
0.143130205151
0.140758521684
0.138380155618
0.136001368809
0.133631939119
0.131284625335
0.128975349158
0.126725520001
0.12456458249
0.12252757952
0.120655151285
0.119042268234
0.117965235736
0.117745744506
0.117942144402
0.291188542246
0.292180529385
0.293303857205
0.2937923144
0.293692112212
0.29319071182
0.292398009762
0.29138381364
0.290201936461
0.288894462483
0.287493151864
0.286021605142
0.284497310083
0.282933197319
0.281338786366
0.279721035225
0.27808497132
0.276434167769
0.274771114864
0.273097515757
0.271414517843
0.269722884604
0.268023115474
0.266315526299
0.264600303986
0.262877545264
0.261147284468
0.259409512715
0.257664190711
0.255911257948
0.254150640361
0.252382256924
0.250606024482
0.248821860095
0.247029681038
0.245229403424
0.24342094064
0.24160420235
0.239779094217
0.23794551806
0.236103372103
0.234252551053
0.232392945997
0.230524444177
0.228646928774
0.226760278746
0.224864368728
0.222959068899
0.221044244765
0.21911975683
0.217185460255
0.215241204702
0.213286834546
0.211322189504
0.209347105468
0.207361415103
0.205364947692
0.203357527925
0.20133897383
0.199309094638
0.197267689779
0.195214550145
0.193149462022
0.191072212635
0.188982594228
0.186880402051
0.18476542272
0.182637415808
0.180496103295
0.17834119083
0.176172436222
0.173989741447
0.171793187454
0.169582906124
0.167358753216
0.165119916904
0.162864763511
0.160591206874
0.158297595349
0.155983684987
0.153651056453
0.151302604894
0.148941371082
0.146569504652
0.144188104685
0.141798080669
0.139401506636
0.137002736516
0.134608931369
0.132230251913
0.129880258649
0.12757677613
0.125342882183
0.123207614614
0.121207980799
0.119399955124
0.117891033571
0.116886573999
0.116580007094
0.116765658906
)
;
    }
    inlet
    {
        type            pressureIn;
        value           uniform 2.05445221851;
        pressureIn      183000;
    }
    outlet
    {
        type            pressureOut;
        value           nonuniform List<scalar> 
60
(
0.726917070779
0.727167563087
0.727848347096
0.72865178515
0.729540234495
0.730487896465
0.731475812132
0.732487828406
0.733509792253
0.734529458746
0.735536682925
0.736523280145
0.737482659803
0.738409436017
0.739299113146
0.740147860818
0.740952362249
0.741709714621
0.742417363478
0.743073058154
0.743674819796
0.744220916884
0.744709845334
0.745140311557
0.745511217615
0.745821648105
0.746070858631
0.746258265953
0.746383439895
0.746446097163
0.746446097163
0.746383439895
0.746258265953
0.746070858631
0.745821648105
0.745511217615
0.745140311557
0.744709845334
0.744220916884
0.743674819796
0.743073058154
0.742417363478
0.741709714621
0.740952362249
0.740147860818
0.739299113146
0.738409436017
0.737482659803
0.736523280145
0.735536682925
0.734529458746
0.733509792253
0.732487828406
0.731475812132
0.730487896465
0.729540234495
0.72865178515
0.727848347096
0.727167563087
0.726917070779
)
;
        pressureOut     61000;
    }
    frontAndBackPlanes
    {
        type            empty;
    }
}


// ************************************************************************* //
