/*--------------------------------*- C++ -*----------------------------------*\
  =========                 |
  \\      /  F ield         | OpenFOAM: The Open Source CFD Toolbox
   \\    /   O peration     | Website:  https://openfoam.org
    \\  /    A nd           | Version:  6
     \\/     M anipulation  |
\*---------------------------------------------------------------------------*/
FoamFile
{
    version     2.0;
    format      ascii;
    class       volScalarField;
    location    "3.67516512e-08";
    object      T;
}
// * * * * * * * * * * * * * * * * * * * * * * * * * * * * * * * * * * * * * //

dimensions      [0 0 0 1 0 0 0];

internalField   nonuniform List<scalar> 
6000
(
299.47497895
299.690309947
299.885455991
300.032470991
300.131289944
300.194276946
300.231967414
300.25188786
300.259252869
300.257721847
300.249913651
300.237735947
300.222591549
300.205513495
300.187260065
300.168384731
300.149288116
300.130256556
300.111491026
300.093129058
300.075261163
300.057942733
300.041202591
300.025049477
300.009477404
299.994470124
299.980004518
299.966052817
299.952583921
299.939564305
299.926958859
299.914731738
299.902847095
299.891269552
299.879964417
299.868897714
299.858036158
299.847347121
299.83679861
299.826359244
299.815998218
299.80568525
299.795390517
299.785084601
299.774738411
299.764323104
299.753809944
299.743170049
299.732374004
299.721391364
299.710190167
299.698736664
299.686995454
299.674930025
299.662503493
299.649679004
299.636419257
299.622684846
299.608431718
299.593608633
299.578155854
299.562005938
299.545086557
299.527324007
299.508645208
299.488976027
299.468235072
299.446324345
299.423120642
299.398472801
299.372208357
299.344147903
299.314118172
299.28195068
299.24745786
299.210394395
299.170428626
299.127150488
299.080118747
299.028914114
298.973148819
298.912410857
298.846177134
298.773764834
298.694366759
298.607148803
298.511331284
298.406175801
298.29085562
298.164266719
298.024900319
297.87091859
297.700495903
297.512106401
297.303489095
297.066033557
296.764710698
296.258169592
295.047900941
291.918570237
299.677037001
299.81794616
299.964330754
300.08928879
300.176956249
300.231410862
300.260916916
300.272789807
300.272360371
300.26334648
300.24836688
300.229311153
300.207565385
300.184151491
300.159820803
300.135121318
300.110447449
300.086077455
300.062202201
300.038947379
300.016390292
299.994572072
299.973506635
299.953187687
299.933594582
299.91469709
299.896458805
299.878839252
299.861795126
299.845281216
299.82925134
299.813659245
299.798459318
299.783606965
299.769058722
299.754772209
299.740706047
299.726819793
299.713073907
299.699429704
299.685849302
299.672295527
299.658731799
299.645122
299.631430344
299.617621268
299.603659314
299.589508933
299.575134155
299.560498055
299.54556212
299.530285691
299.514625758
299.498537304
299.481974102
299.464889551
299.447236846
299.428967853
299.410030566
299.390365808
299.369904536
299.348567185
299.326265766
299.302907941
299.27840084
299.252651675
299.225563012
299.197022918
299.16689346
299.135003533
299.101151754
299.065120447
299.026693338
298.98566226
298.941809631
298.894868117
298.844480349
298.790191739
298.731491621
298.667877449
298.598886239
298.524052196
298.442808078
298.354402027
298.25789624
298.15224444
298.036366648
297.909117995
297.769104597
297.614402151
297.442325953
297.249433694
297.031837161
296.785384838
296.503720873
296.168049014
295.711687655
294.912616395
293.169631722
289.401490803
299.828310631
299.924247826
300.031514683
300.133849654
300.209289874
300.255067911
300.276405759
300.279984258
300.27128981
300.254275278
300.231697981
300.205494669
300.177043692
300.147333583
300.117074372
300.086773714
300.05679002
300.027370513
299.998679483
299.970819601
299.943847719
299.917786323
299.8926321
299.868362876
299.844943487
299.822330387
299.800474793
299.779324515
299.75882508
299.73892068
299.71955516
299.700672928
299.682219579
299.664142177
299.64638926
299.628910735
299.611657764
299.59458268
299.577638941
299.560781077
299.543964603
299.527145901
299.510282032
299.493330544
299.476249275
299.458996206
299.441529349
299.423806613
299.405785555
299.387422906
299.368673888
299.349491439
299.329825645
299.30962367
299.288830339
299.267389134
299.245242976
299.222333948
299.198601386
299.173978468
299.148388422
299.121742071
299.093938222
299.064867135
299.034415448
299.002469369
298.968912815
298.933618971
298.896437354
298.857182219
298.815629779
298.771528551
298.724618805
298.674647109
298.621358633
298.564460624
298.503573426
298.438204205
298.367771156
298.29166726
298.209309476
298.120114967
298.023397549
297.918247205
297.803476682
297.677662127
297.539212316
297.386353756
297.216964708
297.02830862
296.816832482
296.578218766
296.307683842
295.999722301
295.644166106
295.209786644
294.597271852
293.533394267
291.438457196
287.529811823
299.955465731
300.022744379
300.097198197
300.174436986
300.234010705
300.269293328
300.282199796
300.277849884
300.26130099
300.236542736
300.206476211
300.173154785
300.138016362
300.102059488
300.065971685
300.030221456
299.995122763
299.960879788
299.92761828
299.895407603
299.864276059
299.834221555
299.805219551
299.777229588
299.750200724
299.724075616
299.698793082
299.67428953
299.65049988
299.627358479
299.604800056
299.58276055
299.561177599
299.539990679
299.519141022
299.498571462
299.478226302
299.458051232
299.437993265
299.418000668
299.398022847
299.378010169
299.35791374
299.337685137
299.317276174
299.296638708
299.275724528
299.254485244
299.232872112
299.210835658
299.188325026
299.16528712
299.141665733
299.117401035
299.092429719
299.066685839
299.040101948
299.012609667
298.984138779
298.954614392
298.923952697
298.892056922
298.858815514
298.824103882
298.787789229
298.749735755
298.709806213
298.667856493
298.623723151
298.577208422
298.528070902
298.476029407
298.420780467
298.362018367
298.299438266
298.232707706
298.161413144
298.085013901
298.002841433
297.914151037
297.818182092
297.714157713
297.601190927
297.478142752
297.343528286
297.195534313
297.032115416
296.851058647
296.649921563
296.42584978
296.175383986
295.89435295
295.577655728
295.217723662
294.797739881
294.270346838
293.508944957
292.228175431
289.947524498
286.172848038
300.066544499
300.114978961
300.163296753
300.215686622
300.256486718
300.278439031
300.281359114
300.268691961
300.244566959
300.212587573
300.175555763
300.135543002
300.094033536
300.052061029
300.010324531
299.96928195
299.929221544
299.890314252
299.85265072
299.816266625
299.781159444
299.747299617
299.71463864
299.68311549
299.652661683
299.623204736
299.594670111
299.566982212
299.540065103
299.513843329
299.488242755
299.463191214
299.438618784
299.414457769
299.390642512
299.367109197
299.343795714
299.320641563
299.297587779
299.274576824
299.25155242
299.228459318
299.205243016
299.181849462
299.158224776
299.134315038
299.110066141
299.085423685
299.060332837
299.034738059
299.008582556
298.981807448
298.954350737
298.926146395
298.897123957
298.867208918
298.836323847
298.804389577
298.77132543
298.737047505
298.70146479
298.664474132
298.625956159
298.585774424
298.543778701
298.499810958
298.453710051
298.405310436
298.354432186
298.300864419
298.244349673
298.184579119
298.121204147
298.053858271
297.982170465
297.905748466
297.824127008
297.736705763
297.642721003
297.541277776
297.431417372
297.312149803
297.182394068
297.04084515
296.885863585
296.715482976
296.527538966
296.319811633
296.090033499
295.835673321
295.55349665
295.23890922
294.884823657
294.478767372
293.994306718
293.36885088
292.462217495
291.010136885
288.653038301
285.109515316
300.164004552
300.198995577
300.226877745
300.257068102
300.278780688
300.285710435
300.276921951
300.254804392
300.222633149
300.183456113
300.139762335
300.093469373
300.045999545
299.998369948
299.951278224
299.905179408
299.86035117
299.816946161
299.775031577
299.734617213
299.695674325
299.6581483
299.621967721
299.587051258
299.553312637
299.520663701
299.489015922
299.458281133
299.428372149
299.399203499
299.370692114
299.34275773
299.315322933
299.28831296
299.261655415
299.235280046
299.209118588
299.183104666
299.157173675
299.131262621
299.105309878
299.079254894
299.053037862
299.026599397
298.999880243
298.97282103
298.945362093
298.917443331
298.889004069
298.859982852
298.830317034
298.799942068
298.768790465
298.736790621
298.703865865
298.669934219
298.634909097
298.598700682
298.561217102
298.522364102
298.482042265
298.440141909
298.396537284
298.351082751
298.303613246
298.25394927
298.201903547
298.14728403
298.089888208
298.02948752
297.965807218
297.898512488
297.827211044
297.75147272
297.670850904
297.584880466
297.493035494
297.394659967
297.288915797
297.174792881
297.051180259
296.916936505
296.770881454
296.611692394
296.437782413
296.247274618
296.038110416
295.808187884
295.555324555
295.276855114
294.968793727
294.624597657
294.233408232
293.776646222
293.219373807
292.490300028
291.450750741
289.875185375
287.512863662
284.221003849
300.250117454
300.274291066
300.285338363
300.296063603
300.299891797
300.291743836
300.270532936
300.238123812
300.197253349
300.150525979
300.100101684
300.047668198
299.994497184
299.941514891
299.889368418
299.838484926
299.789123938
299.74142216
299.695429761
299.651137683
299.608497083
299.567433107
299.527855021
299.489663695
299.452756671
299.417031007
299.382384617
299.348716961
299.315929714
299.283927468
299.25261826
299.221913741
299.191728996
299.161982197
299.132594255
299.103488575
299.0745909
299.045829182
299.017133409
298.988435369
298.959668331
298.930766681
298.90166556
298.872300519
298.842607219
298.812521161
298.781977453
298.750910605
298.719254362
298.686941526
298.653903668
298.620070591
298.585369412
298.549723295
298.513050104
298.475261455
298.436262703
298.39595401
298.354231983
298.310990645
298.266120258
298.219503133
298.171007135
298.120479256
298.067742495
298.012598131
297.954832439
297.894223202
297.830539431
297.763529677
297.692900679
297.618295983
297.539288059
297.455391506
297.36608897
297.270844601
297.169078724
297.060102361
296.943049412
296.816863047
296.680360935
296.532333967
296.371586584
296.196861483
296.006693101
295.799308454
295.572648627
295.324426409
295.051983463
294.751702275
294.41790088
294.041346497
293.607402186
293.092776783
292.457662861
291.628946772
290.478857876
288.823917703
286.498953211
283.447366537
300.326919201
300.341702358
300.337978597
300.331091489
300.31830279
300.295738777
300.262271063
300.219415447
300.169559017
300.115009419
300.057683913
299.999070703
299.940279374
299.882111263
299.825123998
299.769684621
299.716013325
299.664220038
299.614334409
299.566329272
299.520138413
299.475670118
299.432817635
299.391466881
299.351501425
299.312805175
299.275263674
299.238764921
299.20320016
299.168464588
299.134457723
299.101083361
299.06824922
299.035866501
299.003849524
298.972115485
298.940584292
298.909178398
298.877822557
298.846443507
298.814969573
298.783330264
298.751455879
298.719277158
298.686724959
298.653729953
298.620222328
298.586131509
298.551385927
298.515912829
298.479638077
298.442485782
298.404377592
298.365231507
298.324960334
298.283470151
298.240659443
298.196419411
298.150635475
298.103189091
298.053958249
298.002815043
297.94961975
297.894212924
297.836408792
297.77599358
297.712730163
297.646366324
297.576639881
297.503273319
297.425955201
297.344314672
297.257903424
297.166199101
297.068630634
296.964605031
296.853503355
296.734628887
296.607131344
296.469966581
296.321938924
296.16180485
295.988344238
295.800306833
295.596236911
295.374286011
295.132119309
294.866871543
294.574929686
294.251293016
293.888450876
293.474941926
292.993604753
292.418534732
291.708114641
290.791586498
289.555804188
287.855794571
285.59026138
282.755878689
300.395966017
300.402368446
300.385217242
300.361896975
300.33335168
300.297001796
300.251724763
300.198691949
300.139966888
300.07761163
300.013360577
299.94855472
299.884174384
299.82090615
299.75921093
299.699379847
299.641577057
299.585872441
299.532266624
299.480710064
299.431117973
299.383382444
299.337382273
299.292990209
299.250077515
299.208516386
299.168181255
299.128949772
299.090703729
299.053329716
299.016719332
298.98076894
298.945379203
298.910454608
298.875903124
298.841635983
298.807567493
298.773614811
298.739697624
298.705737754
298.671658716
298.63738529
298.602843125
298.567958382
298.532657378
298.496866238
298.460510516
298.423514837
298.385802584
298.347295666
298.307914345
298.267577011
298.226199687
298.183695074
298.139971021
298.09492866
298.048460743
298.000450953
297.950774684
297.899301005
297.845894506
297.790414996
297.732713413
297.672624015
297.60995537
297.544484404
297.475957132
297.40409614
297.328609629
297.249193328
297.16551824
297.077205457
296.983800349
296.88476415
296.779492884
296.667351731
296.547691643
296.419816899
296.282908087
296.135952757
295.977747769
295.806982453
295.622323578
295.422387549
295.205557041
294.969724133
294.712086863
294.429016313
294.115832367
293.766257438
293.37144008
292.91860495
292.389265576
291.75623757
290.977713189
289.987331929
288.687461442
286.966389222
284.769818105
282.127328756
300.458396188
300.45724522
300.427717504
300.388860484
300.34514615
300.29543707
300.23873726
300.175885444
300.108596336
300.038668264
299.967654734
299.896769798
299.826892446
299.758618341
299.692325184
299.628231278
299.56644082
299.50697673
299.449803761
299.394844891
299.341993831
299.291125387
299.242103968
299.194789779
299.149042593
299.10472379
299.061697635
299.019832394
298.979001302
298.939083107
298.899962085
298.861527636
298.823673752
298.786298568
298.749304063
298.712595849
298.67608294
298.639677451
298.60329419
298.566850204
298.53026433
298.493456768
298.456348699
298.418861922
298.38091846
298.342440149
298.303348184
298.263562673
298.223002241
298.18158373
298.139222001
298.09582978
298.051317367
298.005591962
297.958556375
297.910107108
297.860132167
297.808509377
297.755106025
297.699780248
297.642383479
297.582762118
297.520756056
297.45619263
297.388876974
297.318582524
297.245046724
297.167974979
297.087050709
297.001943516
296.912305474
296.817750952
296.717827294
296.611994811
296.499633851
296.380078115
296.252645883
296.116628176
295.971217134
295.815411019
295.647968446
295.467454259
295.272328347
295.060955609
294.831445403
294.581353918
294.307385118
294.005188226
293.669182762
293.292183105
292.86457763
292.372940061
291.798033362
291.111936131
290.273523129
289.222019332
287.875133844
286.149252617
284.024353242
281.549917711
300.515067815
300.507062353
300.466053194
300.412470231
300.354100207
300.291353446
300.223514227
300.151148382
300.07561655
299.998425639
299.920922356
299.844182408
299.768988064
299.695858046
299.6251021
299.556877092
299.491233097
299.4281471
299.36754611
299.309322853
299.253347218
299.199475335
299.14755665
299.097438752
299.04897016
299.002001907
298.956388745
298.911990306
298.868671987
298.826305306
298.784767694
298.743941984
298.703715871
298.663981526
298.624635339
298.585577684
298.546712623
298.507947495
298.469192437
298.430359895
298.391364182
298.352121087
298.312547509
298.272561085
298.232079764
298.19102133
298.149302884
298.10684032
298.063547845
298.019337593
297.974119353
297.927800419
297.880285427
297.831475967
297.781269653
297.729558455
297.676226346
297.621146866
297.564181529
297.50518002
297.443982329
297.380421645
297.314325573
297.245513065
297.17378612
297.098918451
297.020646218
296.938666295
296.852643741
296.762223392
296.667034877
296.566681327
296.460711942
296.348593057
296.229699656
296.103338151
295.968782625
295.825281447
295.671998817
295.507905495
295.331689291
295.141757177
294.936319928
294.713444334
294.470935267
294.206021556
293.914982445
293.59289968
293.233556128
292.829215868
292.369863136
291.841651613
291.224720096
290.490715567
289.59997348
288.498149225
287.117546221
285.397879355
283.343743619
281.01601659
300.5666509
300.552389625
300.50067799
300.433144898
300.360650001
300.285187441
300.206455789
300.124830058
300.041340064
299.957191827
299.873501979
299.791185717
299.710916819
299.633136734
299.558094291
299.485894464
299.416541691
299.349972682
299.286079368
299.224724787
299.165754591
299.109005625
299.054311889
299.001508084
298.950431452
298.900922928
298.852828246
298.805999
298.760293333
298.715575998
298.67171796
298.628595809
298.58609129
298.544090985
298.50248608
298.461172082
298.420048407
298.37901788
298.337986182
298.296861363
298.255553414
298.213973912
298.17203567
298.129652351
298.086738018
298.043206617
297.998971408
297.953944392
297.908035753
297.861153367
297.813202428
297.764085218
297.713700984
297.661945764
297.608711857
297.553886601
297.497350252
297.438973213
297.37861341
297.316114999
297.251309309
297.184017827
297.114055358
297.041230314
296.965339446
296.886156959
296.803421756
296.716829296
296.626033352
296.530657007
296.430304209
296.324559051
296.212965273
296.094993079
295.970014724
295.837309486
295.696094876
295.545547237
295.384763827
295.212655506
295.027826895
294.828534346
294.612753147
294.378259355
294.122558154
293.84257932
293.534269108
293.192324346
292.810139805
292.379648357
291.89051202
291.328421446
290.672939863
289.895714621
288.959342192
287.816371936
286.412498279
284.70648896
282.720230638
280.52042043
300.613680287
300.593689726
300.531964727
300.451226635
300.365171189
300.277360203
300.188003354
300.097363307
300.006175303
299.915352454
299.825771585
299.738169685
299.653096281
299.570907095
299.491788968
299.415798826
299.342901513
299.272999535
299.205954552
299.141603047
299.07976812
299.020268009
298.962921382
298.907549967
298.853979718
298.802041676
298.751572952
298.702417594
298.654426934
298.607459337
298.561379612
298.516058428
298.471371926
298.42720147
298.383433404
298.339958677
298.296672328
298.25347289
298.210261817
298.166942996
298.123422347
298.079607474
298.035407321
297.990731763
297.945491143
297.899595748
297.85295523
297.805478008
297.757070646
297.707637266
297.657079036
297.605293803
297.552175899
297.497616068
297.441501266
297.383713975
297.324130608
297.262618898
297.199034692
297.133219247
297.064998402
296.994184417
296.920579735
296.843980021
296.764172831
296.680929541
296.593991797
296.503058147
296.407778373
296.307759604
296.202579912
296.091796673
295.974936185
295.851462321
295.720740327
295.582021746
295.434462488
295.277150464
295.109091257
294.92911793
294.735758062
294.527150523
294.301076683
294.055045965
293.786266961
293.491389936
293.166120109
292.804945275
292.40105144
291.946096731
291.429323776
290.835875382
290.144936255
289.328735601
288.352784049
287.176532352
285.757594999
284.070118179
282.147764272
280.059430238
300.656589379
300.631346741
300.560233945
300.467007955
300.367982715
300.268241943
300.168570385
300.069183746
299.970559092
299.873332525
299.778142686
299.685539695
299.595936594
299.509593676
299.426630904
299.347056513
299.270798018
299.197727661
299.127681331
299.060473058
298.995906478
298.93378312
298.873907251
298.816088023
298.760140356
298.705885712
298.653152969
298.601778999
298.551608642
298.502494139
298.454294429
298.406874595
298.360105554
298.313863834
298.268031267
298.22249451
298.177144435
298.131875492
298.086585136
298.041173358
297.995542294
297.949595859
297.903239363
297.856379091
297.808921829
297.760774362
297.711842922
297.6620326
297.611246693
297.559386038
297.506348354
297.452027695
297.396314103
297.339093479
297.28024758
297.219653795
297.157184236
297.092703693
297.026066426
296.957112501
296.885665063
296.811530106
296.734499282
296.654354289
296.570869334
296.483807612
296.392910137
296.297879966
296.198369341
296.093977452
295.984260238
295.868743314
295.74692226
295.618239513
295.482044594
295.337562382
295.183892795
295.020035676
294.844896395
294.657222831
294.455476816
294.237715889
294.001570364
293.74430443
293.462828832
293.153534751
292.811977766
292.432576624
292.00838759
291.530726325
290.988283271
290.365687887
289.642111606
288.790936524
287.780942414
286.578113176
285.150481027
283.484529357
281.62155733
279.630352121
300.695734236
300.665682343
300.58576637
300.480749376
300.369365216
300.258158161
300.14852807
300.040696735
299.934915086
299.831558937
299.731036047
299.633708512
299.53984622
299.449606705
299.363038057
299.280097508
299.200675018
299.124614054
299.051727617
298.981810884
298.91465143
298.850036641
298.787758015
298.727613108
298.669406496
298.612950647
298.558066676
298.504584613
298.452343009
298.401188171
298.350973413
298.30155858
298.252809763
298.204599027
298.156803995
298.109307259
298.061995712
298.01475992
297.967493581
297.920093076
297.872457063
297.824486062
297.776082016
297.727147834
297.677586921
297.627302711
297.576198165
297.524175217
297.471134147
297.416972853
297.361586092
297.304864751
297.246695271
297.186959346
297.125533897
297.062291141
296.997098309
296.929816403
296.860297542
296.78838102
296.713889116
296.636624476
296.556370691
296.472896273
296.385959622
296.295310524
296.200683911
296.101785273
295.998272823
295.889745486
295.775743684
295.655760699
295.529251412
295.395622124
295.254196735
295.104175555
294.944614643
294.774437575
294.592452299
294.397319126
294.18744117
293.960819744
293.714966252
293.446919685
293.153304178
292.830287221
292.473351455
292.076914651
291.633880126
291.135112268
290.568706949
289.918974506
289.165491742
288.283194006
287.244176484
286.020391454
284.588922313
282.946113593
281.13778751
279.231196367
300.731411228
300.696967051
300.608808119
300.492686213
300.369572614
300.247401723
300.128210881
300.012271842
299.899637753
299.790439117
299.684861516
299.58308231
299.485226365
299.391344317
299.301408919
299.21532444
299.132942458
299.054077819
298.978521954
298.906053555
298.836446931
298.769477863
298.704927019
298.642581793
298.582237541
298.523698625
298.466779041
298.411302351
298.357101027
298.304015606
298.251894027
298.200591228
298.149968846
298.099894819
298.050242822
298.000891583
297.951724208
297.902627591
297.853491927
297.804210272
297.7546781
297.704792821
297.654453275
297.603559235
297.552010938
297.499708632
297.44655214
297.392440356
297.337270661
297.28093822
297.223335157
297.164349694
297.103865343
297.041760329
296.977907343
296.912173632
296.844421114
296.77450594
296.702276768
296.62757131
296.550211555
296.469999162
296.386713237
296.300112181
296.209939063
296.11592693
296.017798504
295.915256009
295.807962185
295.695520108
295.577462402
295.453255295
295.322310884
295.18399034
295.037582839
294.882263344
294.71705433
294.540818274
294.352276141
294.150003133
293.932344927
293.697255977
293.442148609
293.163864524
292.858779143
292.522884227
292.151623243
291.739388256
291.278843654
290.760348365
290.17151031
289.496609194
288.715957846
287.806213202
286.742625245
285.502518881
284.07085357
282.451808662
280.693383805
278.860479426
300.7638698
300.72542905
300.629573991
300.503030487
300.368836677
300.2362404
300.107924368
299.984246956
299.865090177
299.750352936
299.64000686
299.534049818
299.432463167
299.335189335
299.242123939
299.153117331
299.067982464
298.986505688
298.908457466
298.833601265
298.761699927
298.692519583
298.625831919
298.561415788
298.499058705
298.438558026
298.379721405
298.322366423
298.266319779
298.211416507
298.157499469
298.104419029
298.052032682
298.000204498
297.948804412
297.897707481
297.84679323
297.795945124
297.745050119
297.693998211
297.642681943
297.590995863
297.538835954
297.486099108
297.432682632
297.378483811
297.323399488
297.267325619
297.210156749
297.151785368
297.09210112
297.030989875
296.968332746
296.904005203
296.837876473
296.769809364
296.699660447
296.627280188
296.552512263
296.475191214
296.395138114
296.312154982
296.226020005
296.136486126
296.043284423
295.946130681
295.844730029
295.738773163
295.627920705
295.511779458
295.389881366
295.261676492
295.126541811
294.983792569
294.832675276
294.672332443
294.50175552
294.319759907
294.124997034
293.915966003
293.690951222
293.447853853
293.183998624
292.896073994
292.580271929
292.232450395
291.847981501
291.421128202
290.944234845
290.407219099
289.797431073
289.099390352
288.294305084
287.360533567
286.276242868
285.023591587
283.594407338
281.999022615
280.285864246
278.517086811
300.793321666
300.751261232
300.648250505
300.511971733
300.367368241
300.22491996
300.087950062
299.956933313
299.831606755
299.711651691
299.596833483
299.486976307
299.381921677
299.281504786
299.185543719
299.093834764
299.006152799
298.92225651
298.841896159
298.764820742
298.69078256
298.619539319
298.550855192
298.484502043
298.42026097
298.357923457
298.297291618
298.238177621
298.180402847
298.123797257
298.068199049
298.013454361
297.959416806
297.905946774
297.852910622
297.800179924
297.747630862
297.695143738
297.642602531
297.589894414
297.536909208
297.483538792
297.429676511
297.375216618
297.320053765
297.264082538
297.207197029
297.149290401
297.090254427
297.029978922
296.968351045
296.905254403
296.840567994
296.774165084
296.705912202
296.635668523
296.563285778
296.488608562
296.41147449
296.33171322
296.249143411
296.163567414
296.074764894
295.982487988
295.886460815
295.786384215
295.681942731
295.572807254
295.458626564
295.339006241
295.213482148
295.081501546
294.942421029
294.795516444
294.639985777
294.474927288
294.299297195
294.11187603
293.911267573
293.695907075
293.464007857
293.213400598
292.941334829
292.644408683
292.318708437
291.959970178
291.563396716
291.122987979
290.63075505
290.076359198
289.447161991
288.728084437
287.901222578
286.946523893
285.844846418
284.582710482
283.157921925
281.585561081
279.913210652
278.200175953
300.819947499
300.7746268
300.664998853
300.519677974
300.365357587
300.213664991
300.068547506
299.930618728
299.799496378
299.674659713
299.555675891
299.442201297
299.333942525
299.230630376
299.132006264
299.0378128
298.947787802
298.86166383
298.779172323
298.700048645
298.624035068
298.550881511
298.480345659
298.41219371
298.34620163
298.282156055
298.219854293
298.159103675
298.099720831
298.04153123
297.984368922
297.928076208
297.87250306
297.817506339
297.762948975
297.708699262
297.654630299
297.600619504
297.546548133
297.492300741
297.437764594
297.382829067
297.327385049
297.271324383
297.214539336
297.15692209
297.098364265
297.03875646
296.977987801
296.915945447
296.852513993
296.787574695
296.721004458
296.652674606
296.582449591
296.510185884
296.435731372
296.358925435
296.279599452
296.197576986
296.112672403
296.024686896
295.933401917
295.838571777
295.739918668
295.637133077
295.529879748
295.417804746
295.300535783
295.177669317
295.048745086
294.913217868
294.770439725
294.61965844
294.460023005
294.2905783
294.110240258
293.917763767
293.711722759
293.490495505
293.25220966
292.994610258
292.714896326
292.409649601
292.074914301
291.706271499
291.298621177
290.84559808
290.338961742
289.76836546
289.121396443
288.383402261
287.537263325
286.564400038
285.448171034
284.179022522
282.759931536
281.209562001
279.573772609
277.90910634
300.843901947
300.795663741
300.679957645
300.526297005
300.362974964
300.202679074
300.049954693
299.905568955
299.769044535
299.639676246
299.51684255
299.400038274
299.288840721
299.182880594
299.081824796
298.98536319
298.8931977
298.805036609
298.720594423
298.639594102
298.561768443
298.486859971
298.414620572
298.344811776
298.27720547
298.211584283
298.147741347
298.085479716
298.024611871
297.964959418
297.906352824
297.848630958
297.791640407
297.735234679
297.679273468
297.623622027
297.568150644
297.512734123
297.457251228
297.401584084
297.345617561
297.28923868
297.232336042
297.174799283
297.116518523
297.05738382
296.99728462
296.936109241
296.873744382
296.810074647
296.744982039
296.678345314
296.610039119
296.539932835
296.467889178
296.393762738
296.317398811
296.238632881
296.157290917
296.073190072
295.986138741
295.895934448
295.802358485
295.705167674
295.604085799
295.498798725
295.388956325
295.274180401
295.154072277
295.028210642
294.896133081
294.757304006
294.611081739
294.456699791
294.293267394
294.119778121
293.935107032
293.737985541
293.526960407
293.300347897
293.056178381
292.79211431
292.505345412
292.192501392
291.849607182
291.472017517
291.05421261
290.589439844
290.069361589
289.483848446
288.820813571
288.065958386
287.202836744
286.214263007
285.085917631
283.811740769
282.399147044
280.869441147
279.266194355
277.643388476
300.865317477
300.81448846
300.693245391
300.531957849
300.36037142
300.192145055
300.032387936
299.88202784
299.74051421
299.606976723
299.480616886
299.360775137
299.246905581
299.138544142
299.035286665
298.936771987
298.842667438
298.752658791
298.666445626
298.583740063
298.504266293
298.427759941
298.353967623
298.282646903
298.213566328
298.146505175
298.081252962
298.017609021
297.955382271
297.894391041
297.834462713
297.775433103
297.7171457
297.65945092
297.602205483
297.545271887
297.488517887
297.431815918
297.37504246
297.318077389
297.260803346
297.203105166
297.144869337
297.085983467
297.026335729
296.965814279
296.904306653
296.841699178
296.777876415
296.712720644
296.646111375
296.577924814
296.508033174
296.436303722
296.362597488
296.28676769
296.208658122
296.128101926
296.044921152
295.958927214
295.86992163
295.777695658
295.682027052
295.582672932
295.479359761
295.371774034
295.259558555
295.142317187
295.019625358
294.891037027
294.756076553
294.614210096
294.464804529
294.307093212
294.14016596
293.962981731
293.774379603
293.573058721
293.357521555
293.126008092
292.876454153
292.606468931
292.313279704
291.993593149
291.643386704
291.25771119
290.830579555
290.354920885
289.822466596
289.223430987
288.54603742
287.776245857
286.898228143
285.896142181
284.757784123
283.480148711
282.074435451
280.563849036
278.989358974
277.40264605
300.884307408
300.83119878
300.704962725
300.536772219
300.357679841
300.182225606
300.016041798
299.860216984
299.714145903
299.5768133
299.447257939
299.324674635
299.208400957
299.097884004
298.992653141
298.892298936
298.796455789
298.704788524
298.616983531
298.532743709
298.451785845
298.373839468
298.298646493
298.22596099
298.155548611
298.087185749
298.020658838
297.955764067
297.892307356
297.830104232
297.768979367
297.708765846
297.64930437
297.590442604
297.532034651
297.473940579
297.416025884
297.358160848
297.300219857
297.242080716
297.183624034
297.124732662
297.065291167
297.005185306
296.944301464
296.882526063
296.819744928
296.755842648
296.690701951
296.624203112
296.556223426
296.486636691
296.415312666
296.342116339
296.266906894
296.189536259
296.109847323
296.027672093
295.942830336
295.855129127
295.764363379
295.670316469
295.572759251
295.471445454
295.36610274
295.256421349
295.142045061
295.022569763
294.897551105
294.766515348
294.628961188
294.484341574
294.332026034
294.171259504
294.001139123
293.820615776
293.628500277
293.423441693
293.203869292
292.967934636
292.71350191
292.438172977
292.139242005
291.813470707
291.456726646
291.063717803
290.628040139
290.142433874
289.598807459
288.987713457
288.297599648
287.514637878
286.623634028
285.610030196
284.463479945
283.183596899
281.784802804
280.291637642
278.742345279
277.186587662
300.900968341
300.84587646
300.715194404
300.54083594
300.355016059
300.173064015
300.001089258
299.840335342
299.690157204
299.549414806
299.417000592
299.291974585
299.173565372
299.061137623
298.954159625
298.852177506
298.754795048
298.661657601
298.572439676
298.486836333
298.404558317
298.325330175
298.24888985
298.174988292
298.103388487
298.033864258
297.966199452
297.900187706
297.835632469
297.772346844
297.710153057
297.648881711
297.588371052
297.528466389
297.469019614
297.409888716
297.350937191
297.292033369
297.233049717
297.173862166
297.11434951
297.05439285
296.993875051
296.932680206
296.870693068
296.807798456
296.743880628
296.678822629
296.612505621
296.544808223
296.475605897
296.404770391
296.332169216
296.257665083
296.181115121
296.102369709
296.021270785
295.937649738
295.851325262
295.762101783
295.669769016
295.574102556
295.474864396
295.371801263
295.264638721
295.153070744
295.036747534
294.915266995
294.788174622
294.654971401
294.51512184
294.368050257
294.213118177
294.049587877
293.876586739
293.693082996
293.497866801
293.289520439
293.066377718
292.826504235
292.567728589
292.28768263
291.983717119
291.652582857
291.28997916
290.890306114
290.446880097
289.952385514
289.398911356
288.777230075
288.075923107
287.281412044
286.37919854
285.355903451
284.202729311
282.921498505
281.52938186
280.051834416
278.524394006
276.994985748
300.915382118
300.858589328
300.724011106
300.544230294
300.352479923
300.164785066
299.987682129
299.822558998
299.668742227
299.524986326
299.390055443
299.262887835
299.142611953
299.028516907
298.920015852
298.816615203
298.717891185
298.623471314
298.533019197
298.446223079
298.362788938
298.282437599
298.204903916
298.129936127
298.057294708
297.98675114
297.918087109
297.851094238
297.785573978
297.721337325
297.658204278
297.596003203
297.534570219
297.473748683
297.413388676
297.353346437
297.293483714
297.233667085
297.173767286
297.113658588
297.053218207
296.992325736
296.930862576
296.868711364
296.805755393
296.741878022
296.67696207
296.610889183
296.543539166
296.474789282
296.404513564
296.332582162
296.258860754
296.183209991
296.105484868
296.025533828
295.943197371
295.858306048
295.770677975
295.680116358
295.586407771
295.489321773
295.388611696
295.284015187
295.175252051
295.062017134
294.943968075
294.820711205
294.691791609
294.556692591
294.414844384
294.265634208
294.10840504
293.942433163
293.766884066
293.580756094
293.382825482
293.171606337
292.945340403
292.702029578
292.439498088
292.155409572
291.847114962
291.511272472
291.143398442
290.737699971
290.28739417
289.78519251
289.223260977
288.5924165
287.881329632
287.076784498
286.16504032
285.13372948
283.975270063
282.693327253
281.307423577
279.843621401
278.334881041
276.82766106
300.927617405
300.86939309
300.731471048
300.54702328
300.350156317
300.157495917
299.975951619
299.807041156
299.650071117
299.503708631
299.366608442
299.237602052
299.115728211
299.000208051
298.890405923
298.785793839
298.685924197
298.59040865
298.498900793
298.411082781
298.326656856
298.24534129
298.16686877
298.090985326
298.017449173
297.946029669
297.876506679
297.808670215
297.7423201
297.677265521
297.61332452
297.550323512
297.488096831
297.426486242
297.365340348
297.30451392
297.243867202
297.183265238
297.122577261
297.061676115
297.000437675
296.938740269
296.876464064
296.813490459
296.74970149
296.684979236
296.619205234
296.552259878
296.484021776
296.414367062
296.343168665
296.270295564
296.195612072
296.118977168
296.04024385
295.959258395
295.8758593
295.789875654
295.701124803
295.609409493
295.514515074
295.416207702
295.314234235
295.208323535
295.098187264
294.983516904
294.863974062
294.739174124
294.608668281
294.471932903
294.328373868
294.177344577
294.018163314
293.850107292
293.672366747
293.483964082
293.283668823
293.069950487
292.840996117
292.59478071
292.329132442
292.041701291
291.729750516
291.389783343
291.017181041
290.60612506
290.149900462
289.641253041
289.072254762
288.433599212
287.714064488
286.900940832
285.981265959
284.943466689
283.780853369
282.498618246
281.118290769
279.666317876
278.173296228
276.684471515
300.937730969
300.878332843
300.73762142
300.549270775
300.348116083
300.151286896
299.966008942
299.793912319
299.634289716
299.48573758
299.346820372
299.216279381
299.093075765
298.976371258
298.865488143
298.759869633
298.659048419
298.562622648
298.470236949
298.381568009
298.296315084
298.214194799
298.134938481
298.058290547
297.984007343
297.911856416
297.841616065
297.773074932
297.706031459
297.640293324
297.575676958
297.512007207
297.449116971
297.386846717
297.325043815
297.263561799
297.202259641
297.14100111
297.0796542
297.018090582
296.956185031
296.893814822
296.830859097
296.767198235
296.702713231
296.637285109
296.570794332
296.503120229
296.434140381
296.363729961
296.291761006
296.218101618
296.142615126
296.065159253
295.985585341
295.9037376
295.819452265
295.732556396
295.642866007
295.55018336
295.454293699
295.354962252
295.251932665
295.144927574
295.033650461
294.917785732
294.796992716
294.670890898
294.539039022
294.400917348
294.255924822
294.103395695
293.942623839
293.772867824
293.593311243
293.402978231
293.20064049
292.984769168
292.753559554
292.504998818
292.236898616
291.946815094
291.631834183
291.288284172
290.911509215
290.495835844
290.034728276
289.520910331
288.946183742
288.301005991
287.57432495
286.754055147
285.827972255
284.785062608
283.619246686
282.336970516
280.961452479
279.519365737
278.039226771
276.565304384
300.945768703
300.885444333
300.74249962
300.551017599
300.346416852
300.146232202
299.957945891
299.783280581
299.621519409
299.471203616
299.330826279
299.199056005
299.07479003
298.957140467
298.845394788
298.738973113
298.637392667
298.540240721
298.447154285
298.357805282
298.271890555
298.189125664
298.109241178
298.031980477
297.957098573
297.884361596
297.813546512
297.744440714
297.676841427
297.610555109
297.545397006
297.48119083
297.417768404
297.354969138
297.292639355
297.230631537
297.168803625
297.107018397
297.045142901
296.983047906
296.920607311
296.857697535
296.794196879
296.729984895
296.664941763
296.598947694
296.531882335
296.46362419
296.394050017
296.323034191
296.250447985
296.176158768
296.100029103
296.021915801
295.94166898
295.859131208
295.774136677
295.686510259
295.596066102
295.502605445
295.405913564
295.305756315
295.201877288
295.093996664
294.981811933
294.864998648
294.743207522
294.616054287
294.483102239
294.343843485
294.197688974
294.043974057
293.881973936
293.710909282
293.529920089
293.33800402
293.133944541
292.916267577
292.683242725
292.4328982
292.162991354
291.870902438
291.55347982
291.206900182
290.826580282
290.407115853
289.942190219
289.424425348
288.845231031
288.194788818
287.462281857
286.63629513
285.705242612
284.658454968
283.490239892
282.208049651
280.836478338
279.402317303
277.932344523
276.470071022
300.951766424
300.890754978
300.746134304
300.552298429
300.34510378
300.142390486
299.95183533
299.775231949
299.611857117
299.460211392
299.318734916
299.186041669
299.060979887
298.942623111
298.830231878
298.723208951
298.621060223
298.523364855
298.429753886
298.339895391
298.253484309
298.170235485
298.0898791
298.012157978
297.936826328
297.863649309
297.792402808
297.722873094
297.654856325
297.588158036
297.522592702
297.457983333
297.394161008
297.330964315
297.268238698
297.20583578
297.143612717
297.081431583
297.019158777
296.956664424
296.893821771
296.830506567
296.766596449
296.701970327
296.636507777
296.570088438
296.502591406
296.433894626
296.363874274
296.292404103
296.219354738
296.144592887
296.067980456
295.989373572
295.908621558
295.825565921
295.740039389
295.651864953
295.560854729
295.466808368
295.369510729
295.268728784
295.16420814
295.055669933
294.942808817
294.825291971
294.702757739
294.574811425
294.441016198
294.300879289
294.153836873
293.99924235
293.836360224
293.664362374
293.482319476
293.289182207
293.083752763
292.864649268
292.630258048
292.378659832
292.10752592
291.814015112
291.494728137
291.145738198
290.7626107
290.340254984
289.872553226
289.351968984
288.769490591
288.11504831
287.378088285
286.547816151
285.613142853
284.563577051
283.393653041
282.11158933
280.743032841
279.31482546
277.852396524
276.398703411
300.955750485
300.894284661
300.748546226
300.553138573
300.344210162
300.139805321
299.947731583
299.769830643
299.605375374
299.452839525
299.310628273
299.177319189
299.051727368
298.932899935
298.820079019
298.712655779
298.610128718
298.512071646
298.418111513
298.327913689
298.241171763
298.157600107
298.076928708
297.998900155
297.923268276
297.849797666
297.778263441
297.70845098
297.640155611
297.573182247
297.507344939
297.442466333
297.378377063
297.314915136
297.251925342
297.189258679
297.126771773
297.064326263
297.001788153
296.93902717
296.875916123
296.812330294
296.748146847
296.683244242
296.617501654
296.550798367
296.483013158
296.414023656
296.343705688
296.271932587
296.198574484
296.123497542
296.046563125
295.967626869
295.886537642
295.803136422
295.717255123
295.628715447
295.537327804
295.442890167
295.345186601
295.243984972
295.139033443
295.030055773
294.916746259
294.79876588
294.675741047
294.547264759
294.412896949
294.272158291
294.124512337
293.969336486
293.805891167
293.633302738
293.450571375
293.256598386
293.050205335
292.830105783
292.594802799
292.342423276
292.070548849
291.776134093
291.455576786
291.10489533
290.71981465
290.295514457
289.826019556
289.303634262
288.718996259
288.061851826
287.321875767
286.488749725
285.551719546
284.500366371
283.32934398
282.047391415
280.680869921
279.256636084
277.799198229
276.351151982
300.957738219
300.896046317
300.749748869
300.553554563
300.343757917
300.138505557
299.945670716
299.767119341
299.602122451
299.449140473
299.306561208
299.17294404
299.047087356
298.928024855
298.81498931
298.707366068
298.604649992
298.506412239
298.41227769
298.321910316
298.235003002
298.151269871
298.070440832
297.992258398
297.916476272
297.842858799
297.771180692
297.701226833
297.632792086
297.565681048
297.499707594
297.434694231
297.370471387
297.306876767
297.243754806
297.18095617
297.118337218
297.055759382
296.993088488
296.930194073
296.866948727
296.80322749
296.738907274
296.67386631
296.607983565
296.54113816
296.47320873
296.404072773
296.333605956
296.261681407
296.188168983
296.112934531
296.035839093
295.956738034
295.875480026
295.791905857
295.70584712
295.617124895
295.525548618
295.430915182
295.333008013
295.23159542
295.126427253
295.017229343
294.903696472
294.7854864
294.662218269
294.533476881
294.398819224
294.257773768
294.109821611
293.954356682
293.790638672
293.617766481
293.434696069
293.240297405
293.033404375
292.812790814
292.577032185
292.324281864
292.052064279
291.757211631
291.436007977
291.08445101
290.698367176
290.273091336
289.802720837
289.279460922
288.693751315
288.035242693
287.293742901
286.459191395
285.521001261
284.468774327
283.297214506
282.015324972
280.649828336
279.227582618
277.772628927
276.327384294
300.957738219
300.896046317
300.749748869
300.553554563
300.343757917
300.138505557
299.945670716
299.767119341
299.602122451
299.449140473
299.306561208
299.17294404
299.047087356
298.928024855
298.81498931
298.707366068
298.604649992
298.506412239
298.41227769
298.321910316
298.235003002
298.151269871
298.070440832
297.992258398
297.916476272
297.842858799
297.771180692
297.701226833
297.632792086
297.565681048
297.499707594
297.434694231
297.370471387
297.306876767
297.243754806
297.18095617
297.118337218
297.055759382
296.993088488
296.930194073
296.866948727
296.80322749
296.738907274
296.67386631
296.607983565
296.54113816
296.47320873
296.404072773
296.333605956
296.261681407
296.188168983
296.112934531
296.035839093
295.956738034
295.875480026
295.791905857
295.70584712
295.617124895
295.525548618
295.430915182
295.333008013
295.23159542
295.126427253
295.017229343
294.903696472
294.7854864
294.662218269
294.533476881
294.398819224
294.257773768
294.109821611
293.954356682
293.790638672
293.617766481
293.434696069
293.240297405
293.033404375
292.812790814
292.577032185
292.324281864
292.052064279
291.757211631
291.436007977
291.08445101
290.698367176
290.273091336
289.802720837
289.279460922
288.693751315
288.035242693
287.293742901
286.459191395
285.521001261
284.468774327
283.297214506
282.015324972
280.649828336
279.227582618
277.772628927
276.327384294
300.955750485
300.894284661
300.748546226
300.553138573
300.344210162
300.139805321
299.947731583
299.769830643
299.605375374
299.452839525
299.310628273
299.177319189
299.051727368
298.932899935
298.820079019
298.712655779
298.610128718
298.512071646
298.418111513
298.327913689
298.241171763
298.157600107
298.076928708
297.998900155
297.923268276
297.849797666
297.778263441
297.70845098
297.640155611
297.573182247
297.507344939
297.442466333
297.378377063
297.314915136
297.251925342
297.189258679
297.126771773
297.064326263
297.001788153
296.93902717
296.875916123
296.812330294
296.748146847
296.683244242
296.617501654
296.550798367
296.483013158
296.414023656
296.343705688
296.271932587
296.198574484
296.123497542
296.046563125
295.967626869
295.886537642
295.803136422
295.717255123
295.628715447
295.537327804
295.442890167
295.345186601
295.243984972
295.139033443
295.030055773
294.916746259
294.79876588
294.675741047
294.547264759
294.412896949
294.272158291
294.124512337
293.969336486
293.805891167
293.633302738
293.450571375
293.256598386
293.050205335
292.830105783
292.594802799
292.342423276
292.070548849
291.776134093
291.455576786
291.10489533
290.71981465
290.295514457
289.826019556
289.303634262
288.718996259
288.061851826
287.321875767
286.488749725
285.551719546
284.500366371
283.32934398
282.047391415
280.680869921
279.256636084
277.799198229
276.351151982
300.951766424
300.890754978
300.746134304
300.552298429
300.34510378
300.142390486
299.95183533
299.775231949
299.611857117
299.460211392
299.318734916
299.186041669
299.060979887
298.942623111
298.830231878
298.723208951
298.621060223
298.523364855
298.429753886
298.339895391
298.253484309
298.170235485
298.0898791
298.012157978
297.936826328
297.863649309
297.792402808
297.722873094
297.654856325
297.588158036
297.522592702
297.457983333
297.394161008
297.330964315
297.268238698
297.20583578
297.143612717
297.081431583
297.019158777
296.956664424
296.893821771
296.830506567
296.766596449
296.701970327
296.636507777
296.570088438
296.502591406
296.433894626
296.363874274
296.292404103
296.219354738
296.144592887
296.067980456
295.989373572
295.908621558
295.825565921
295.740039389
295.651864953
295.560854729
295.466808368
295.369510729
295.268728784
295.16420814
295.055669933
294.942808817
294.825291971
294.702757739
294.574811425
294.441016198
294.300879289
294.153836873
293.99924235
293.836360224
293.664362374
293.482319476
293.289182207
293.083752763
292.864649268
292.630258048
292.378659832
292.10752592
291.814015112
291.494728137
291.145738198
290.7626107
290.340254984
289.872553226
289.351968984
288.769490591
288.11504831
287.378088285
286.547816151
285.613142853
284.563577051
283.393653041
282.11158933
280.743032841
279.31482546
277.852396524
276.398703411
300.945768703
300.885444333
300.74249962
300.551017599
300.346416852
300.146232202
299.957945891
299.783280581
299.621519409
299.471203616
299.330826279
299.199056005
299.07479003
298.957140467
298.845394788
298.738973113
298.637392667
298.540240721
298.447154285
298.357805282
298.271890555
298.189125664
298.109241178
298.031980477
297.957098573
297.884361596
297.813546512
297.744440714
297.676841427
297.610555109
297.545397006
297.48119083
297.417768404
297.354969138
297.292639355
297.230631537
297.168803625
297.107018397
297.045142901
296.983047906
296.920607311
296.857697535
296.794196879
296.729984895
296.664941763
296.598947694
296.531882335
296.46362419
296.394050017
296.323034191
296.250447985
296.176158768
296.100029103
296.021915801
295.94166898
295.859131208
295.774136677
295.686510259
295.596066102
295.502605445
295.405913564
295.305756315
295.201877288
295.093996664
294.981811933
294.864998648
294.743207522
294.616054287
294.483102239
294.343843485
294.197688974
294.043974057
293.881973936
293.710909282
293.529920089
293.33800402
293.133944541
292.916267577
292.683242725
292.4328982
292.162991354
291.870902438
291.55347982
291.206900182
290.826580282
290.407115853
289.942190219
289.424425348
288.845231031
288.194788818
287.462281857
286.63629513
285.705242612
284.658454968
283.490239892
282.208049651
280.836478338
279.402317303
277.932344523
276.470071022
300.937730969
300.878332843
300.73762142
300.549270775
300.348116083
300.151286896
299.966008942
299.793912319
299.634289716
299.48573758
299.346820372
299.216279381
299.093075765
298.976371258
298.865488143
298.759869633
298.659048419
298.562622648
298.470236949
298.381568009
298.296315084
298.214194799
298.134938481
298.058290547
297.984007343
297.911856416
297.841616065
297.773074932
297.706031459
297.640293324
297.575676958
297.512007207
297.449116971
297.386846717
297.325043815
297.263561799
297.202259641
297.14100111
297.0796542
297.018090582
296.956185031
296.893814822
296.830859097
296.767198235
296.702713231
296.637285109
296.570794332
296.503120229
296.434140381
296.363729961
296.291761006
296.218101618
296.142615126
296.065159253
295.985585341
295.9037376
295.819452265
295.732556396
295.642866007
295.55018336
295.454293699
295.354962252
295.251932665
295.144927574
295.033650461
294.917785732
294.796992716
294.670890898
294.539039022
294.400917348
294.255924822
294.103395695
293.942623839
293.772867824
293.593311243
293.402978231
293.20064049
292.984769168
292.753559554
292.504998818
292.236898616
291.946815094
291.631834183
291.288284172
290.911509215
290.495835844
290.034728276
289.520910331
288.946183742
288.301005991
287.57432495
286.754055147
285.827972255
284.785062608
283.619246686
282.336970516
280.961452479
279.519365737
278.039226771
276.565304384
300.927617405
300.86939309
300.731471048
300.54702328
300.350156317
300.157495917
299.975951619
299.807041156
299.650071117
299.503708631
299.366608442
299.237602052
299.115728211
299.000208051
298.890405923
298.785793839
298.685924197
298.59040865
298.498900793
298.411082781
298.326656856
298.24534129
298.16686877
298.090985326
298.017449173
297.946029669
297.876506679
297.808670215
297.7423201
297.677265521
297.61332452
297.550323512
297.488096831
297.426486242
297.365340348
297.30451392
297.243867202
297.183265238
297.122577261
297.061676115
297.000437675
296.938740269
296.876464064
296.813490459
296.74970149
296.684979236
296.619205234
296.552259878
296.484021776
296.414367062
296.343168665
296.270295564
296.195612072
296.118977168
296.04024385
295.959258395
295.8758593
295.789875654
295.701124803
295.609409493
295.514515074
295.416207702
295.314234235
295.208323535
295.098187264
294.983516904
294.863974062
294.739174124
294.608668281
294.471932903
294.328373868
294.177344577
294.018163314
293.850107292
293.672366747
293.483964082
293.283668823
293.069950487
292.840996117
292.59478071
292.329132442
292.041701291
291.729750516
291.389783343
291.017181041
290.60612506
290.149900462
289.641253041
289.072254762
288.433599212
287.714064488
286.900940832
285.981265959
284.943466689
283.780853369
282.498618246
281.118290769
279.666317876
278.173296228
276.684471515
300.915382118
300.858589328
300.724011106
300.544230294
300.352479923
300.164785066
299.987682129
299.822558998
299.668742227
299.524986326
299.390055443
299.262887835
299.142611953
299.028516907
298.920015852
298.816615203
298.717891185
298.623471314
298.533019197
298.446223079
298.362788938
298.282437599
298.204903916
298.129936127
298.057294708
297.98675114
297.918087109
297.851094238
297.785573978
297.721337325
297.658204278
297.596003203
297.534570219
297.473748683
297.413388676
297.353346437
297.293483714
297.233667085
297.173767286
297.113658588
297.053218207
296.992325736
296.930862576
296.868711364
296.805755393
296.741878022
296.67696207
296.610889183
296.543539166
296.474789282
296.404513564
296.332582162
296.258860754
296.183209991
296.105484868
296.025533828
295.943197371
295.858306048
295.770677975
295.680116358
295.586407771
295.489321773
295.388611696
295.284015187
295.175252051
295.062017134
294.943968075
294.820711205
294.691791609
294.556692591
294.414844384
294.265634208
294.10840504
293.942433163
293.766884066
293.580756094
293.382825482
293.171606337
292.945340403
292.702029578
292.439498088
292.155409572
291.847114962
291.511272472
291.143398442
290.737699971
290.28739417
289.78519251
289.223260977
288.5924165
287.881329632
287.076784498
286.16504032
285.13372948
283.975270063
282.693327253
281.307423577
279.843621401
278.334881041
276.82766106
300.900968341
300.84587646
300.715194404
300.54083594
300.355016059
300.173064015
300.001089258
299.840335342
299.690157204
299.549414806
299.417000592
299.291974585
299.173565372
299.061137623
298.954159625
298.852177506
298.754795048
298.661657601
298.572439676
298.486836333
298.404558317
298.325330175
298.24888985
298.174988292
298.103388487
298.033864258
297.966199452
297.900187706
297.835632469
297.772346844
297.710153057
297.648881711
297.588371052
297.528466389
297.469019614
297.409888716
297.350937191
297.292033369
297.233049717
297.173862166
297.11434951
297.05439285
296.993875051
296.932680206
296.870693068
296.807798456
296.743880628
296.678822629
296.612505621
296.544808223
296.475605897
296.404770391
296.332169216
296.257665083
296.181115121
296.102369709
296.021270785
295.937649738
295.851325262
295.762101783
295.669769016
295.574102556
295.474864396
295.371801263
295.264638721
295.153070744
295.036747534
294.915266995
294.788174622
294.654971401
294.51512184
294.368050257
294.213118177
294.049587877
293.876586739
293.693082996
293.497866801
293.289520439
293.066377718
292.826504235
292.567728589
292.28768263
291.983717119
291.652582857
291.28997916
290.890306114
290.446880097
289.952385514
289.398911356
288.777230075
288.075923107
287.281412044
286.37919854
285.355903451
284.202729311
282.921498505
281.52938186
280.051834416
278.524394006
276.994985748
300.884307408
300.83119878
300.704962725
300.536772219
300.357679841
300.182225606
300.016041798
299.860216984
299.714145903
299.5768133
299.447257939
299.324674635
299.208400957
299.097884004
298.992653141
298.892298936
298.796455789
298.704788524
298.616983531
298.532743709
298.451785845
298.373839468
298.298646493
298.22596099
298.155548611
298.087185749
298.020658838
297.955764067
297.892307356
297.830104232
297.768979367
297.708765846
297.64930437
297.590442604
297.532034651
297.473940579
297.416025884
297.358160848
297.300219857
297.242080716
297.183624034
297.124732662
297.065291167
297.005185306
296.944301464
296.882526063
296.819744928
296.755842648
296.690701951
296.624203112
296.556223426
296.486636691
296.415312666
296.342116339
296.266906894
296.189536259
296.109847323
296.027672093
295.942830336
295.855129127
295.764363379
295.670316469
295.572759251
295.471445454
295.36610274
295.256421349
295.142045061
295.022569763
294.897551105
294.766515348
294.628961188
294.484341574
294.332026034
294.171259504
294.001139123
293.820615776
293.628500277
293.423441693
293.203869292
292.967934636
292.71350191
292.438172977
292.139242005
291.813470707
291.456726646
291.063717803
290.628040139
290.142433874
289.598807459
288.987713457
288.297599648
287.514637878
286.623634028
285.610030196
284.463479945
283.183596899
281.784802804
280.291637642
278.742345279
277.186587662
300.865317477
300.81448846
300.693245391
300.531957849
300.36037142
300.192145055
300.032387936
299.88202784
299.74051421
299.606976723
299.480616886
299.360775137
299.246905581
299.138544142
299.035286665
298.936771987
298.842667438
298.752658791
298.666445626
298.583740063
298.504266293
298.427759941
298.353967623
298.282646903
298.213566328
298.146505175
298.081252962
298.017609021
297.955382271
297.894391041
297.834462713
297.775433103
297.7171457
297.65945092
297.602205483
297.545271887
297.488517887
297.431815918
297.37504246
297.318077389
297.260803346
297.203105166
297.144869337
297.085983467
297.026335729
296.965814279
296.904306653
296.841699178
296.777876415
296.712720644
296.646111375
296.577924814
296.508033174
296.436303722
296.362597488
296.28676769
296.208658122
296.128101926
296.044921152
295.958927214
295.86992163
295.777695658
295.682027052
295.582672932
295.479359761
295.371774034
295.259558555
295.142317187
295.019625358
294.891037027
294.756076553
294.614210096
294.464804529
294.307093212
294.14016596
293.962981731
293.774379603
293.573058721
293.357521555
293.126008092
292.876454153
292.606468931
292.313279704
291.993593149
291.643386704
291.25771119
290.830579555
290.354920885
289.822466596
289.223430987
288.54603742
287.776245857
286.898228143
285.896142181
284.757784123
283.480148711
282.074435451
280.563849036
278.989358974
277.40264605
300.843901947
300.795663741
300.679957645
300.526297005
300.362974964
300.202679074
300.049954693
299.905568955
299.769044535
299.639676246
299.51684255
299.400038274
299.288840721
299.182880594
299.081824796
298.98536319
298.8931977
298.805036609
298.720594423
298.639594102
298.561768443
298.486859971
298.414620572
298.344811776
298.27720547
298.211584283
298.147741347
298.085479716
298.024611871
297.964959418
297.906352824
297.848630958
297.791640407
297.735234679
297.679273468
297.623622027
297.568150644
297.512734123
297.457251228
297.401584084
297.345617561
297.28923868
297.232336042
297.174799283
297.116518523
297.05738382
296.99728462
296.936109241
296.873744382
296.810074647
296.744982039
296.678345314
296.610039119
296.539932835
296.467889178
296.393762738
296.317398811
296.238632881
296.157290917
296.073190072
295.986138741
295.895934448
295.802358485
295.705167674
295.604085799
295.498798725
295.388956325
295.274180401
295.154072277
295.028210642
294.896133081
294.757304006
294.611081739
294.456699791
294.293267394
294.119778121
293.935107032
293.737985541
293.526960407
293.300347897
293.056178381
292.79211431
292.505345412
292.192501392
291.849607182
291.472017517
291.05421261
290.589439844
290.069361589
289.483848446
288.820813571
288.065958386
287.202836744
286.214263007
285.085917631
283.811740769
282.399147044
280.869441147
279.266194355
277.643388476
300.819947499
300.7746268
300.664998853
300.519677974
300.365357587
300.213664991
300.068547506
299.930618728
299.799496378
299.674659713
299.555675891
299.442201297
299.333942525
299.230630376
299.132006264
299.0378128
298.947787802
298.86166383
298.779172323
298.700048645
298.624035068
298.550881511
298.480345659
298.41219371
298.34620163
298.282156055
298.219854293
298.159103675
298.099720831
298.04153123
297.984368922
297.928076208
297.87250306
297.817506339
297.762948975
297.708699262
297.654630299
297.600619504
297.546548133
297.492300741
297.437764594
297.382829067
297.327385049
297.271324383
297.214539336
297.15692209
297.098364265
297.03875646
296.977987801
296.915945447
296.852513993
296.787574695
296.721004458
296.652674606
296.582449591
296.510185884
296.435731372
296.358925435
296.279599452
296.197576986
296.112672403
296.024686896
295.933401917
295.838571777
295.739918668
295.637133077
295.529879748
295.417804746
295.300535783
295.177669317
295.048745086
294.913217868
294.770439725
294.61965844
294.460023005
294.2905783
294.110240258
293.917763767
293.711722759
293.490495505
293.25220966
292.994610258
292.714896326
292.409649601
292.074914301
291.706271499
291.298621177
290.84559808
290.338961742
289.76836546
289.121396443
288.383402261
287.537263325
286.564400038
285.448171034
284.179022522
282.759931536
281.209562001
279.573772609
277.90910634
300.793321666
300.751261232
300.648250505
300.511971733
300.367368241
300.22491996
300.087950062
299.956933313
299.831606755
299.711651691
299.596833483
299.486976307
299.381921677
299.281504786
299.185543719
299.093834764
299.006152799
298.92225651
298.841896159
298.764820742
298.69078256
298.619539319
298.550855192
298.484502043
298.42026097
298.357923457
298.297291618
298.238177621
298.180402847
298.123797257
298.068199049
298.013454361
297.959416806
297.905946774
297.852910622
297.800179924
297.747630862
297.695143738
297.642602531
297.589894414
297.536909208
297.483538792
297.429676511
297.375216618
297.320053765
297.264082538
297.207197029
297.149290401
297.090254427
297.029978922
296.968351045
296.905254403
296.840567994
296.774165084
296.705912202
296.635668523
296.563285778
296.488608562
296.41147449
296.33171322
296.249143411
296.163567414
296.074764894
295.982487988
295.886460815
295.786384215
295.681942731
295.572807254
295.458626564
295.339006241
295.213482148
295.081501546
294.942421029
294.795516444
294.639985777
294.474927288
294.299297195
294.11187603
293.911267573
293.695907075
293.464007857
293.213400598
292.941334829
292.644408683
292.318708437
291.959970178
291.563396716
291.122987979
290.63075505
290.076359198
289.447161991
288.728084437
287.901222578
286.946523893
285.844846418
284.582710482
283.157921925
281.585561081
279.913210652
278.200175953
300.7638698
300.72542905
300.629573991
300.503030487
300.368836677
300.2362404
300.107924368
299.984246956
299.865090177
299.750352936
299.64000686
299.534049818
299.432463167
299.335189335
299.242123939
299.153117331
299.067982464
298.986505688
298.908457466
298.833601265
298.761699927
298.692519583
298.625831919
298.561415788
298.499058705
298.438558026
298.379721405
298.322366423
298.266319779
298.211416507
298.157499469
298.104419029
298.052032682
298.000204498
297.948804412
297.897707481
297.84679323
297.795945124
297.745050119
297.693998211
297.642681943
297.590995863
297.538835954
297.486099108
297.432682632
297.378483811
297.323399488
297.267325619
297.210156749
297.151785368
297.09210112
297.030989875
296.968332746
296.904005203
296.837876473
296.769809364
296.699660447
296.627280188
296.552512263
296.475191214
296.395138114
296.312154982
296.226020005
296.136486126
296.043284423
295.946130681
295.844730029
295.738773163
295.627920705
295.511779458
295.389881366
295.261676492
295.126541811
294.983792569
294.832675276
294.672332443
294.50175552
294.319759907
294.124997034
293.915966003
293.690951222
293.447853853
293.183998624
292.896073994
292.580271929
292.232450395
291.847981501
291.421128202
290.944234845
290.407219099
289.797431073
289.099390352
288.294305084
287.360533567
286.276242868
285.023591587
283.594407338
281.999022615
280.285864246
278.517086811
300.731411228
300.696967051
300.608808119
300.492686213
300.369572614
300.247401723
300.128210881
300.012271842
299.899637753
299.790439117
299.684861516
299.58308231
299.485226365
299.391344317
299.301408919
299.21532444
299.132942458
299.054077819
298.978521954
298.906053555
298.836446931
298.769477863
298.704927019
298.642581793
298.582237541
298.523698625
298.466779041
298.411302351
298.357101027
298.304015606
298.251894027
298.200591228
298.149968846
298.099894819
298.050242822
298.000891583
297.951724208
297.902627591
297.853491927
297.804210272
297.7546781
297.704792821
297.654453275
297.603559235
297.552010938
297.499708632
297.44655214
297.392440356
297.337270661
297.28093822
297.223335157
297.164349694
297.103865343
297.041760329
296.977907343
296.912173632
296.844421114
296.77450594
296.702276768
296.62757131
296.550211555
296.469999162
296.386713237
296.300112181
296.209939063
296.11592693
296.017798504
295.915256009
295.807962185
295.695520108
295.577462402
295.453255295
295.322310884
295.18399034
295.037582839
294.882263344
294.71705433
294.540818274
294.352276141
294.150003133
293.932344927
293.697255977
293.442148609
293.163864524
292.858779143
292.522884227
292.151623243
291.739388256
291.278843654
290.760348365
290.17151031
289.496609194
288.715957846
287.806213202
286.742625245
285.502518881
284.07085357
282.451808662
280.693383805
278.860479426
300.695734236
300.665682343
300.58576637
300.480749376
300.369365216
300.258158161
300.14852807
300.040696735
299.934915086
299.831558937
299.731036047
299.633708512
299.53984622
299.449606705
299.363038057
299.280097508
299.200675018
299.124614054
299.051727617
298.981810884
298.91465143
298.850036641
298.787758015
298.727613108
298.669406496
298.612950647
298.558066676
298.504584613
298.452343009
298.401188171
298.350973413
298.30155858
298.252809763
298.204599027
298.156803995
298.109307259
298.061995712
298.01475992
297.967493581
297.920093076
297.872457063
297.824486062
297.776082016
297.727147834
297.677586921
297.627302711
297.576198165
297.524175217
297.471134147
297.416972853
297.361586092
297.304864751
297.246695271
297.186959346
297.125533897
297.062291141
296.997098309
296.929816403
296.860297542
296.78838102
296.713889116
296.636624476
296.556370691
296.472896273
296.385959622
296.295310524
296.200683911
296.101785273
295.998272823
295.889745486
295.775743684
295.655760699
295.529251412
295.395622124
295.254196735
295.104175555
294.944614643
294.774437575
294.592452299
294.397319126
294.18744117
293.960819744
293.714966252
293.446919685
293.153304178
292.830287221
292.473351455
292.076914651
291.633880126
291.135112268
290.568706949
289.918974506
289.165491742
288.283194006
287.244176484
286.020391454
284.588922313
282.946113593
281.13778751
279.231196366
300.656589379
300.631346741
300.560233945
300.467007955
300.367982715
300.268241943
300.168570385
300.069183746
299.970559092
299.873332525
299.778142686
299.685539695
299.595936594
299.509593676
299.426630904
299.347056513
299.270798018
299.197727661
299.127681331
299.060473058
298.995906478
298.93378312
298.873907251
298.816088023
298.760140356
298.705885712
298.653152969
298.601778999
298.551608642
298.502494139
298.454294429
298.406874595
298.360105554
298.313863834
298.268031267
298.22249451
298.177144435
298.131875492
298.086585136
298.041173358
297.995542294
297.949595859
297.903239363
297.856379091
297.808921829
297.760774362
297.711842922
297.6620326
297.611246693
297.559386038
297.506348354
297.452027695
297.396314103
297.339093479
297.28024758
297.219653795
297.157184236
297.092703693
297.026066426
296.957112501
296.885665063
296.811530106
296.734499282
296.654354289
296.570869334
296.483807612
296.392910137
296.297879966
296.198369341
296.093977452
295.984260238
295.868743314
295.74692226
295.618239513
295.482044594
295.337562382
295.183892795
295.020035676
294.844896395
294.657222831
294.455476816
294.237715889
294.001570364
293.74430443
293.462828832
293.153534751
292.811977766
292.432576624
292.00838759
291.530726325
290.988283271
290.365687887
289.642111606
288.790936524
287.780942414
286.578113176
285.150481027
283.484529357
281.62155733
279.630352121
300.613680287
300.593689726
300.531964727
300.451226635
300.365171189
300.277360203
300.188003354
300.097363307
300.006175303
299.915352454
299.825771585
299.738169685
299.653096281
299.570907095
299.491788968
299.415798826
299.342901513
299.272999535
299.205954552
299.141603047
299.07976812
299.020268009
298.962921382
298.907549967
298.853979718
298.802041676
298.751572952
298.702417594
298.654426934
298.607459337
298.561379612
298.516058428
298.471371926
298.42720147
298.383433404
298.339958677
298.296672328
298.25347289
298.210261817
298.166942996
298.123422347
298.079607474
298.035407321
297.990731763
297.945491143
297.899595748
297.85295523
297.805478008
297.757070646
297.707637266
297.657079036
297.605293803
297.552175899
297.497616068
297.441501266
297.383713975
297.324130608
297.262618898
297.199034692
297.133219247
297.064998402
296.994184417
296.920579735
296.843980021
296.764172831
296.680929541
296.593991797
296.503058147
296.407778373
296.307759604
296.202579912
296.091796673
295.974936185
295.851462321
295.720740327
295.582021746
295.434462488
295.277150464
295.109091257
294.92911793
294.735758062
294.527150523
294.301076683
294.055045965
293.786266961
293.491389936
293.166120109
292.804945275
292.40105144
291.946096731
291.429323776
290.835875382
290.144936255
289.328735601
288.352784049
287.176532352
285.757594999
284.070118179
282.147764272
280.059430238
300.5666509
300.552389625
300.50067799
300.433144898
300.360650001
300.285187441
300.206455789
300.124830058
300.041340064
299.957191827
299.873501979
299.791185717
299.710916819
299.633136734
299.558094291
299.485894464
299.416541691
299.349972682
299.286079368
299.224724787
299.165754591
299.109005625
299.054311889
299.001508084
298.950431452
298.900922928
298.852828246
298.805999
298.760293333
298.715575998
298.67171796
298.628595809
298.58609129
298.544090985
298.50248608
298.461172082
298.420048407
298.37901788
298.337986182
298.296861363
298.255553414
298.213973912
298.17203567
298.129652351
298.086738018
298.043206617
297.998971408
297.953944392
297.908035753
297.861153367
297.813202428
297.764085218
297.713700984
297.661945764
297.608711857
297.553886601
297.497350252
297.438973213
297.37861341
297.316114999
297.251309309
297.184017827
297.114055358
297.041230314
296.965339446
296.886156959
296.803421756
296.716829296
296.626033352
296.530657007
296.430304209
296.324559051
296.212965273
296.094993079
295.970014724
295.837309486
295.696094876
295.545547237
295.384763827
295.212655506
295.027826895
294.828534346
294.612753147
294.378259355
294.122558154
293.84257932
293.534269108
293.192324346
292.810139805
292.379648357
291.89051202
291.328421446
290.672939863
289.895714621
288.959342192
287.816371936
286.412498279
284.70648896
282.720230638
280.52042043
300.515067815
300.507062353
300.466053194
300.412470231
300.354100207
300.291353446
300.223514227
300.151148382
300.07561655
299.998425639
299.920922356
299.844182408
299.768988064
299.695858046
299.6251021
299.556877092
299.491233097
299.4281471
299.36754611
299.309322853
299.253347218
299.199475335
299.14755665
299.097438752
299.04897016
299.002001907
298.956388745
298.911990306
298.868671987
298.826305306
298.784767694
298.743941984
298.703715871
298.663981526
298.624635339
298.585577684
298.546712623
298.507947495
298.469192437
298.430359895
298.391364182
298.352121087
298.312547509
298.272561085
298.232079764
298.19102133
298.149302884
298.10684032
298.063547845
298.019337593
297.974119353
297.927800419
297.880285427
297.831475967
297.781269653
297.729558455
297.676226346
297.621146866
297.564181529
297.50518002
297.443982329
297.380421645
297.314325573
297.245513065
297.17378612
297.098918451
297.020646218
296.938666295
296.852643741
296.762223392
296.667034877
296.566681327
296.460711942
296.348593057
296.229699656
296.103338151
295.968782625
295.825281447
295.671998817
295.507905495
295.331689291
295.141757177
294.936319928
294.713444334
294.470935267
294.206021556
293.914982445
293.59289968
293.233556128
292.829215868
292.369863136
291.841651613
291.224720096
290.490715567
289.59997348
288.498149225
287.117546221
285.397879355
283.343743619
281.01601659
300.458396188
300.45724522
300.427717504
300.388860484
300.34514615
300.29543707
300.23873726
300.175885444
300.108596336
300.038668264
299.967654734
299.896769798
299.826892446
299.758618341
299.692325184
299.628231278
299.56644082
299.50697673
299.449803761
299.394844891
299.341993831
299.291125387
299.242103968
299.194789779
299.149042593
299.10472379
299.061697635
299.019832394
298.979001302
298.939083107
298.899962085
298.861527636
298.823673752
298.786298568
298.749304063
298.712595849
298.67608294
298.639677451
298.60329419
298.566850204
298.53026433
298.493456768
298.456348699
298.418861922
298.38091846
298.342440149
298.303348184
298.263562673
298.223002241
298.18158373
298.139222001
298.09582978
298.051317367
298.005591962
297.958556375
297.910107108
297.860132167
297.808509377
297.755106025
297.699780248
297.642383479
297.582762118
297.520756056
297.45619263
297.388876974
297.318582524
297.245046724
297.167974979
297.087050709
297.001943516
296.912305474
296.817750952
296.717827294
296.611994811
296.499633851
296.380078115
296.252645883
296.116628176
295.971217134
295.815411019
295.647968446
295.467454259
295.272328347
295.060955609
294.831445403
294.581353918
294.307385118
294.005188226
293.669182762
293.292183105
292.86457763
292.372940061
291.798033362
291.111936131
290.273523129
289.222019332
287.875133844
286.149252617
284.024353242
281.549917711
300.395966017
300.402368446
300.385217242
300.361896975
300.33335168
300.297001796
300.251724763
300.198691949
300.139966888
300.07761163
300.013360577
299.94855472
299.884174384
299.82090615
299.75921093
299.699379847
299.641577057
299.585872441
299.532266624
299.480710064
299.431117973
299.383382444
299.337382273
299.292990209
299.250077515
299.208516386
299.168181255
299.128949772
299.090703729
299.053329716
299.016719332
298.98076894
298.945379203
298.910454608
298.875903124
298.841635983
298.807567493
298.773614811
298.739697624
298.705737754
298.671658716
298.63738529
298.602843125
298.567958382
298.532657378
298.496866238
298.460510516
298.423514837
298.385802584
298.347295666
298.307914345
298.267577011
298.226199687
298.183695074
298.139971021
298.09492866
298.048460743
298.000450953
297.950774684
297.899301005
297.845894506
297.790414996
297.732713413
297.672624015
297.60995537
297.544484404
297.475957132
297.40409614
297.328609629
297.249193328
297.16551824
297.077205457
296.983800349
296.88476415
296.779492884
296.667351731
296.547691643
296.419816899
296.282908087
296.135952757
295.977747769
295.806982453
295.622323578
295.422387549
295.205557041
294.969724133
294.712086863
294.429016313
294.115832367
293.766257438
293.37144008
292.91860495
292.389265576
291.75623757
290.977713189
289.987331929
288.687461442
286.966389222
284.769818105
282.127328756
300.326919201
300.341702358
300.337978597
300.331091489
300.31830279
300.295738777
300.262271063
300.219415447
300.169559017
300.115009419
300.057683913
299.999070703
299.940279374
299.882111263
299.825123998
299.769684621
299.716013325
299.664220038
299.614334409
299.566329272
299.520138413
299.475670118
299.432817635
299.391466881
299.351501425
299.312805175
299.275263674
299.238764921
299.20320016
299.168464588
299.134457723
299.101083361
299.06824922
299.035866501
299.003849524
298.972115485
298.940584292
298.909178398
298.877822557
298.846443507
298.814969573
298.783330264
298.751455879
298.719277158
298.686724959
298.653729953
298.620222328
298.586131509
298.551385927
298.515912829
298.479638077
298.442485782
298.404377592
298.365231507
298.324960334
298.283470151
298.240659443
298.196419411
298.150635475
298.103189091
298.053958249
298.002815043
297.94961975
297.894212924
297.836408792
297.77599358
297.712730163
297.646366324
297.576639881
297.503273319
297.425955201
297.344314672
297.257903424
297.166199101
297.068630634
296.964605031
296.853503355
296.734628887
296.607131344
296.469966581
296.321938924
296.16180485
295.988344238
295.800306833
295.596236911
295.374286011
295.132119309
294.866871543
294.574929686
294.251293016
293.888450876
293.474941926
292.993604753
292.418534732
291.708114641
290.791586498
289.555804188
287.855794571
285.59026138
282.755878689
300.250117454
300.274291066
300.285338363
300.296063603
300.299891797
300.291743836
300.270532936
300.238123812
300.197253349
300.150525979
300.100101684
300.047668198
299.994497184
299.941514891
299.889368418
299.838484926
299.789123938
299.74142216
299.695429761
299.651137683
299.608497083
299.567433107
299.527855021
299.489663695
299.452756671
299.417031007
299.382384617
299.348716961
299.315929714
299.283927468
299.25261826
299.221913741
299.191728996
299.161982197
299.132594255
299.103488575
299.0745909
299.045829182
299.017133409
298.988435369
298.959668331
298.930766681
298.90166556
298.872300519
298.842607219
298.812521161
298.781977453
298.750910605
298.719254362
298.686941526
298.653903668
298.620070591
298.585369412
298.549723295
298.513050104
298.475261455
298.436262703
298.39595401
298.354231983
298.310990645
298.266120258
298.219503133
298.171007135
298.120479256
298.067742495
298.012598131
297.954832439
297.894223202
297.830539431
297.763529677
297.692900679
297.618295983
297.539288059
297.455391506
297.36608897
297.270844601
297.169078724
297.060102361
296.943049412
296.816863047
296.680360935
296.532333967
296.371586584
296.196861483
296.006693101
295.799308454
295.572648627
295.324426409
295.051983463
294.751702275
294.41790088
294.041346497
293.607402186
293.092776783
292.457662861
291.628946772
290.478857876
288.823917703
286.498953211
283.447366537
300.164004552
300.198995577
300.226877745
300.257068102
300.278780688
300.285710435
300.276921951
300.254804392
300.222633149
300.183456113
300.139762335
300.093469373
300.045999545
299.998369948
299.951278224
299.905179408
299.86035117
299.816946161
299.775031577
299.734617213
299.695674325
299.6581483
299.621967721
299.587051258
299.553312637
299.520663701
299.489015922
299.458281133
299.428372149
299.399203499
299.370692114
299.34275773
299.315322933
299.28831296
299.261655415
299.235280046
299.209118588
299.183104666
299.157173675
299.131262621
299.105309878
299.079254894
299.053037862
299.026599397
298.999880243
298.97282103
298.945362093
298.917443331
298.889004069
298.859982852
298.830317034
298.799942068
298.768790465
298.736790621
298.703865865
298.669934219
298.634909097
298.598700682
298.561217102
298.522364102
298.482042265
298.440141909
298.396537284
298.351082751
298.303613246
298.25394927
298.201903547
298.14728403
298.089888208
298.02948752
297.965807218
297.898512488
297.827211044
297.75147272
297.670850904
297.584880466
297.493035494
297.394659967
297.288915797
297.174792881
297.051180259
296.916936505
296.770881454
296.611692394
296.437782413
296.247274618
296.038110416
295.808187884
295.555324555
295.276855114
294.968793727
294.624597657
294.233408232
293.776646222
293.219373807
292.490300028
291.450750741
289.875185375
287.512863662
284.221003849
300.066544499
300.114978961
300.163296753
300.215686622
300.256486718
300.278439031
300.281359114
300.268691961
300.244566959
300.212587573
300.175555763
300.135543002
300.094033536
300.052061029
300.010324531
299.96928195
299.929221544
299.890314252
299.85265072
299.816266625
299.781159444
299.747299617
299.71463864
299.68311549
299.652661683
299.623204736
299.594670111
299.566982212
299.540065103
299.513843329
299.488242755
299.463191214
299.438618784
299.414457769
299.390642512
299.367109197
299.343795714
299.320641563
299.297587779
299.274576824
299.25155242
299.228459318
299.205243016
299.181849462
299.158224776
299.134315038
299.110066141
299.085423685
299.060332837
299.034738059
299.008582556
298.981807448
298.954350737
298.926146395
298.897123957
298.867208918
298.836323847
298.804389577
298.77132543
298.737047505
298.70146479
298.664474132
298.625956159
298.585774424
298.543778701
298.499810958
298.453710051
298.405310436
298.354432186
298.300864419
298.244349673
298.184579119
298.121204147
298.053858271
297.982170465
297.905748466
297.824127008
297.736705763
297.642721003
297.541277776
297.431417372
297.312149803
297.182394068
297.04084515
296.885863585
296.715482976
296.527538966
296.319811633
296.090033499
295.835673321
295.55349665
295.23890922
294.884823657
294.478767372
293.994306718
293.36885088
292.462217495
291.010136885
288.653038301
285.109515316
299.955465731
300.022744379
300.097198197
300.174436986
300.234010705
300.269293328
300.282199796
300.277849884
300.26130099
300.236542736
300.206476211
300.173154785
300.138016362
300.102059488
300.065971685
300.030221456
299.995122763
299.960879788
299.92761828
299.895407603
299.864276059
299.834221555
299.805219551
299.777229588
299.750200724
299.724075616
299.698793082
299.67428953
299.65049988
299.627358479
299.604800056
299.58276055
299.561177599
299.539990679
299.519141022
299.498571462
299.478226302
299.458051232
299.437993265
299.418000668
299.398022847
299.378010169
299.35791374
299.337685137
299.317276174
299.296638708
299.275724528
299.254485244
299.232872112
299.210835658
299.188325026
299.16528712
299.141665733
299.117401035
299.092429719
299.066685839
299.040101948
299.012609667
298.984138779
298.954614392
298.923952697
298.892056922
298.858815514
298.824103882
298.787789229
298.749735755
298.709806213
298.667856493
298.623723151
298.577208422
298.528070902
298.476029407
298.420780467
298.362018367
298.299438266
298.232707706
298.161413144
298.085013901
298.002841433
297.914151037
297.818182092
297.714157713
297.601190927
297.478142752
297.343528286
297.195534313
297.032115416
296.851058647
296.649921563
296.42584978
296.175383986
295.89435295
295.577655728
295.217723662
294.797739881
294.270346838
293.508944957
292.228175431
289.947524498
286.172848038
299.828310631
299.924247826
300.031514683
300.133849654
300.209289874
300.255067911
300.276405759
300.279984258
300.27128981
300.254275278
300.231697981
300.205494669
300.177043692
300.147333583
300.117074372
300.086773714
300.05679002
300.027370513
299.998679483
299.970819601
299.943847719
299.917786323
299.8926321
299.868362876
299.844943487
299.822330387
299.800474793
299.779324515
299.75882508
299.73892068
299.71955516
299.700672928
299.682219579
299.664142177
299.64638926
299.628910735
299.611657764
299.59458268
299.577638941
299.560781077
299.543964603
299.527145901
299.510282032
299.493330544
299.476249275
299.458996206
299.441529349
299.423806613
299.405785555
299.387422906
299.368673888
299.349491439
299.329825645
299.30962367
299.288830339
299.267389134
299.245242976
299.222333948
299.198601386
299.173978468
299.148388422
299.121742071
299.093938222
299.064867135
299.034415448
299.002469369
298.968912815
298.933618971
298.896437354
298.857182219
298.815629779
298.771528551
298.724618805
298.674647109
298.621358633
298.564460624
298.503573426
298.438204205
298.367771156
298.29166726
298.209309476
298.120114967
298.023397549
297.918247205
297.803476682
297.677662127
297.539212316
297.386353756
297.216964708
297.02830862
296.816832482
296.578218766
296.307683842
295.999722301
295.644166106
295.209786644
294.597271852
293.533394267
291.438457196
287.529811823
299.677037001
299.81794616
299.964330754
300.08928879
300.176956249
300.231410862
300.260916916
300.272789807
300.272360371
300.26334648
300.24836688
300.229311153
300.207565385
300.184151491
300.159820803
300.135121318
300.110447449
300.086077455
300.062202201
300.038947379
300.016390292
299.994572072
299.973506635
299.953187687
299.933594582
299.91469709
299.896458805
299.878839252
299.861795126
299.845281216
299.82925134
299.813659245
299.798459318
299.783606965
299.769058722
299.754772209
299.740706047
299.726819793
299.713073907
299.699429704
299.685849302
299.672295527
299.658731799
299.645122
299.631430344
299.617621268
299.603659314
299.589508933
299.575134155
299.560498055
299.54556212
299.530285691
299.514625758
299.498537304
299.481974102
299.464889551
299.447236846
299.428967853
299.410030566
299.390365808
299.369904536
299.348567185
299.326265766
299.302907941
299.27840084
299.252651675
299.225563012
299.197022918
299.16689346
299.135003533
299.101151754
299.065120447
299.026693338
298.98566226
298.941809631
298.894868117
298.844480349
298.790191739
298.731491621
298.667877449
298.598886239
298.524052196
298.442808078
298.354402027
298.25789624
298.15224444
298.036366648
297.909117995
297.769104597
297.614402151
297.442325953
297.249433694
297.031837161
296.785384838
296.503720873
296.168049014
295.711687655
294.912616395
293.169631722
289.401490803
299.47497895
299.690309947
299.885455991
300.032470991
300.131289944
300.194276946
300.231967414
300.25188786
300.259252869
300.257721847
300.249913651
300.237735947
300.222591549
300.205513495
300.187260065
300.168384731
300.149288116
300.130256556
300.111491026
300.093129058
300.075261163
300.057942733
300.041202591
300.025049477
300.009477404
299.994470124
299.980004518
299.966052817
299.952583921
299.939564305
299.926958859
299.914731738
299.902847095
299.891269552
299.879964417
299.868897714
299.858036158
299.847347121
299.83679861
299.826359244
299.815998218
299.80568525
299.795390517
299.785084601
299.774738411
299.764323104
299.753809944
299.743170049
299.732374004
299.721391364
299.710190167
299.698736664
299.686995454
299.674930025
299.662503493
299.649679004
299.636419257
299.622684846
299.608431718
299.593608633
299.578155854
299.562005938
299.545086557
299.527324007
299.508645208
299.488976027
299.468235072
299.446324345
299.423120642
299.398472801
299.372208357
299.344147903
299.314118172
299.28195068
299.24745786
299.210394395
299.170428626
299.127150488
299.080118747
299.028914114
298.973148819
298.912410857
298.846177134
298.773764834
298.694366759
298.607148803
298.511331284
298.406175801
298.29085562
298.164266719
298.024900319
297.87091859
297.700495903
297.512106401
297.303489095
297.066033557
296.764710698
296.258169592
295.047900941
291.918570237
)
;

boundaryField
{
    wall
    {
        type            fixedValue;
        value           uniform 300;
    }
    inlet
    {
        type            fixedValue;
        value           uniform 300;
    }
    outlet
    {
        type            zeroGradient;
    }
    frontAndBackPlanes
    {
        type            empty;
    }
}


// ************************************************************************* //
