/*--------------------------------*- C++ -*----------------------------------*\
| =========                 |                                                 |
| \\      /  F ield         | OpenFOAM: The Open Source CFD Toolbox           |
|  \\    /   O peration     | Version:  2.4.0                                 |
|   \\  /    A nd           | Web:      www.OpenFOAM.org                      |
|    \\/     M anipulation  |                                                 |
\*---------------------------------------------------------------------------*/
FoamFile
{
    version     2.0;
    format      ascii;
    class       volScalarField;
    location    "24.4480664";
    object      rho;
}
// * * * * * * * * * * * * * * * * * * * * * * * * * * * * * * * * * * * * * //

dimensions      [1 -3 0 0 0 0 0];

internalField   nonuniform List<scalar> 
3840
(
2.86588413733
3.6546664634
4.51577856721
5.47052201858
6.52957796253
7.62721297688
8.73169786131
9.79298834841
10.8902163602
12.003578378
12.9786973608
13.7960553925
14.4456865603
14.9797764784
15.391634274
15.5265499441
15.5265499716
15.3916342695
14.9797764955
14.445686567
13.7960554209
12.9786973826
12.0035784114
10.8902163947
9.79298842677
8.73169789612
7.62721301981
6.52957800466
5.47052205937
4.5157786055
3.6546664979
2.86588416847
2.2098607964
1.68322000372
1.24920413939
0.910793980605
0.658535746344
0.469781892988
0.328891645308
0.225830696262
0.155205781732
0.103638431928
0.0704114079611
0.04945586299
0.0361588224761
0.0281430826238
0.0235844963855
0.0215296275128
0.0215296274933
0.0235844963039
0.0281430824364
0.0361588221187
0.0494558623638
0.070411406891
0.103638430182
0.155205778721
0.225830691749
0.328891640112
0.469781884904
0.658535735175
0.910793965508
1.24920411946
1.68321997884
2.20986076961
2.87068869575
3.58537982874
4.39368445393
5.27719266898
6.23067983128
7.23342979594
8.22927682687
9.22558551911
10.2165687522
11.1695597281
12.0483275881
12.798770526
13.4319702207
13.9362824653
14.280078829
14.4925196488
14.4925196284
14.2800788517
13.936282467
13.4319702413
12.7987705395
12.0483276188
11.1695597516
10.2165687945
9.22558558324
8.229276858
7.23342983509
6.23067986991
5.27719270678
4.3936844897
3.58537986127
2.87068872431
2.24590138085
1.72528582167
1.30990036818
0.971941821129
0.709235097387
0.511259715912
0.362440368482
0.254086050473
0.177278084657
0.122594446561
0.0829428499558
0.0578006016748
0.0418659569931
0.0321845330768
0.0265587637313
0.0240693147281
0.0240693146939
0.0265587636072
0.0321845328194
0.0418659565401
0.0578006009142
0.0829428486961
0.122594444588
0.177278081474
0.254086045437
0.362440362512
0.511259707334
0.709235086183
0.971941806304
1.30990034883
1.72528579756
2.24590135473
2.86355216915
3.52910864457
4.29046208746
5.11673865858
5.98822737223
6.90358224167
7.82873598556
8.76472719533
9.66629996033
10.5024512546
11.2789534005
11.9595518397
12.5489784815
13.0037033791
13.3074249235
13.4918195089
13.4918195003
13.3074249371
13.0037033837
12.5489784974
11.9595518537
11.2789534268
10.5024512766
9.66630000241
8.76472725239
7.82873601407
6.90358227808
5.98822740831
5.11673869391
4.29046212124
3.52910867568
2.86355219582
2.26997743722
1.76100935296
1.35656247893
1.02344157164
0.75310727674
0.547234009939
0.392265320667
0.279804624499
0.196912995124
0.138615466035
0.0952080390813
0.065865868809
0.0475059687608
0.036022102382
0.0295028702437
0.026556558268
0.0265565582183
0.0295028700779
0.0360221020634
0.0475059682193
0.0658658679237
0.09520803766
0.13861546389
0.196912991728
0.279804618886
0.392265314163
0.547234001182
0.753107265627
1.02344155711
1.35656246018
1.76100932969
2.2699774109
2.84706979308
3.48387074845
4.20268967192
4.97960905267
5.78797819056
6.63193411798
7.50150115869
8.37113345462
9.19621440419
9.95485798327
10.648482939
11.2695140619
11.8049587324
12.2151837043
12.4853778471
12.6253256828
12.6253256747
12.4853778594
12.2151837089
11.8049587472
11.2695140748
10.6484829626
9.95485800374
9.19621444483
8.37113350646
7.50150118509
6.63193415252
5.78797822453
4.97960908599
4.20268970398
3.48387077797
2.84706981908
2.28463344328
1.79409547057
1.3928506792
1.06610935448
0.792572642324
0.579226614254
0.420194105507
0.302606304155
0.215228919631
0.152151207588
0.106836284237
0.0738694627425
0.0530093217439
0.0399136273855
0.0324634774715
0.0291333208694
0.0291333208048
0.0324634772661
0.0399136270086
0.0530093211179
0.0738694617405
0.106836282674
0.1521512053
0.215228915977
0.302606298028
0.420194098659
0.579226605454
0.792572631289
1.06610934018
1.39285066099
1.79409544818
2.28463341889
2.82934245618
3.44316661282
4.12565682902
4.85813567795
5.61620666515
6.40519948301
7.22057622961
8.02456959344
8.78443684271
9.48302360499
10.1158212232
10.6835315289
11.168446738
11.5405424367
11.7807356111
11.88751634
11.8875163342
11.7807356215
11.5405424415
11.1684467513
10.6835315413
10.1158212443
9.48302362437
8.78443688129
8.02456964149
7.22057625445
6.40519951506
5.61620669733
4.85813570962
4.12565685966
3.44316664122
2.82934248115
2.29181055334
1.82447688122
1.42593956259
1.10215390829
0.828924583238
0.609825633413
0.447322151633
0.324208769906
0.232567440446
0.165340658396
0.117732861971
0.0819295713507
0.0584199209636
0.0438936255995
0.0354567980801
0.0317459726864
0.0317459726085
0.0354567978393
0.0438936251664
0.058419920258
0.0819295702421
0.117732860282
0.165340655948
0.232567436486
0.32420876334
0.447322144606
0.609825624588
0.828924572295
1.10215389426
1.42593954505
1.82447685956
2.29181052926
2.81240341345
3.40387620794
4.05606772502
4.74878548064
5.46503523754
6.20666412143
6.96756508499
7.71379334912
8.41657265865
9.06268757189
9.64682186731
10.1670278558
10.606988142
10.9431427861
11.1573131601
11.2477646042
11.2477645996
11.1573131693
10.9431427909
10.6069881541
10.1670278676
9.64682188644
9.0626875902
8.41657269515
7.71379339405
6.96756510861
6.20666415118
5.46503526799
4.74878551093
4.05606775434
3.40387623503
2.81240343727
2.29698023764
1.85048582952
1.45836016941
1.13462315652
0.863269390391
0.640812689608
0.473218959911
0.345284707977
0.249492575572
0.178705777473
0.128130966641
0.0905892409358
0.0641478041929
0.0480197759314
0.0386024340237
0.0344661473336
0.034466147244
0.0386024337506
0.0480197754424
0.064147803408
0.090589239718
0.128130964829
0.178705774833
0.249492571304
0.345284701066
0.473218952765
0.640812680785
0.863269379526
1.13462314295
1.45836015228
1.85048580803
2.29698021452
2.79715313959
3.3667215391
3.99131454912
4.64853332123
5.32814535174
6.02681981172
6.73638612323
7.42948606919
8.08120860585
8.67997328121
9.22108108842
9.69829655831
10.0987533816
10.402657657
10.594527594
10.67844522
10.6784452164
10.5945276022
10.4026576618
10.0987533927
9.6982965695
9.22108110598
8.67997329866
8.08120863986
7.42948611149
6.73638614579
6.02681983974
5.32814538056
4.64853335017
3.99131457733
3.36672156484
2.79715316183
2.30116943881
1.87217054972
1.48931141126
1.16475679389
0.89573461445
0.672154018919
0.498669594018
0.366254191649
0.266294704906
0.19210859536
0.138064005865
0.0991646313109
0.0702466109174
0.0523353462493
0.042002551489
0.0373625898986
0.037362589799
0.0420025511837
0.052335345704
0.0702466100519
0.0991646299858
0.138064003933
0.19210859249
0.26629470036
0.366254184464
0.498669586815
0.672154010078
0.895734603815
1.16475678058
1.48931139409
1.87217052802
2.30116941548
2.78367169031
3.33124204246
3.9292189777
4.55515688831
5.20116412754
5.86015541239
6.5207632009
7.16563178051
7.77084882822
8.32603711359
8.82784275274
9.26551800081
9.63037971721
9.90516429927
10.0778518553
10.1608482339
10.1608482311
10.0778518626
9.90516430396
9.63037972736
9.26551801144
8.827842769
8.32603713034
7.77084885998
7.16563182042
6.52076322261
5.860155439
5.20116415492
4.555156916
3.92921900474
3.33124206683
2.78367171748
2.30520919839
1.88996529722
1.5188820499
1.19438613175
0.926630446448
0.703163953599
0.523953935736
0.387530092824
0.283164634065
0.205622742114
0.148419487059
0.107632323661
0.0766855927532
0.0568245482505
0.0455999356327
0.0404255069739
0.0404255068658
0.0455999352973
0.0568245476511
0.0766855918054
0.107632322235
0.148419484993
0.205622738994
0.283164629297
0.387530085451
0.523953928492
0.703163944757
0.926630435943
1.19438611867
1.51888203404
1.88996527746
2.30520917352
2.77141236519
3.29733751414
3.86934383767
4.46709577281
5.08102769457
5.70189129113
6.31790323203
6.91745834168
7.47978453261
7.99435096147
8.45816777192
8.85947984574
9.19162587748
9.44011320128
9.59817089787
9.67995755164
9.67995754942
9.59817090443
9.44011320585
9.19162588689
8.85947985585
8.45816778705
7.99435097748
7.47978456225
6.91745837952
6.31790325287
5.70189131688
5.08102772066
4.46709579928
3.8693438636
3.29733753824
2.77141238662
2.30908859388
1.90521423389
1.54681402612
1.22444551219
0.95712580906
0.733972231719
0.549888709862
0.408907865894
0.300454325184
0.219374816596
0.159299338255
0.116076022577
0.0837271240625
0.0617487732455
0.049417441475
0.0436835119024
0.0436835117861
0.0494174411086
0.0617487725908
0.0837271230318
0.116076021051
0.159299336027
0.219374813227
0.300454320237
0.408907858313
0.549888702576
0.733972222903
0.957125798703
1.22444549981
1.54681401065
1.90521421378
2.3090885694
2.76060418136
3.2652953959
3.81225096977
4.382869193
4.9659683906
5.55052897835
6.12532889008
6.68202204525
7.20380892996
7.68003242716
8.10765773424
8.47530042054
8.77675098122
9.00187843265
9.14760967676
9.22689932486
9.22689932318
9.14760968275
9.0018784371
8.77675098998
8.47530043016
8.10765774839
7.68003244248
7.20380895782
6.68202208122
6.12532891011
5.55052900286
4.96596841553
4.38286921834
3.81225099469
3.26529541919
2.7606042031
2.31252225446
1.91933259145
1.57222970886
1.25482319777
0.98712085571
0.764272355549
0.576773820994
0.430551573641
0.318216268668
0.233527681098
0.170542627562
0.124544205242
0.0910475825846
0.0671285342543
0.0535445621506
0.0472444542471
0.0472444541213
0.0535445617529
0.0671285335427
0.0910475814687
0.124544203613
0.170542625141
0.233527677491
0.318216263558
0.430551565915
0.576773813703
0.764272346787
0.987120845642
1.25482318572
1.57222969341
1.91933257193
2.3125222319
2.75099626295
3.23438958051
3.75657652834
4.30150400425
4.85473541657
5.40441817639
5.940280343
6.45642854253
6.9396763165
7.38009726637
7.77256660133
8.10856441329
8.38147834771
8.58538497149
8.72096443569
8.79522875115
8.79522874997
8.72096444125
8.58538497586
8.38147835592
8.10856442245
7.77256661461
7.38009728097
6.93967634275
6.45642857677
5.94028036218
5.40441819953
4.85473544038
4.30150402853
3.75657655229
3.23438960273
2.75099628494
2.31602095629
1.93264508062
1.59535141519
1.28515947725
1.01728509839
0.793785847091
0.604142398599
0.452733524485
0.336674764291
0.248220946115
0.182171122837
0.133362000131
0.0985533726618
0.0729575822417
0.0579345396879
0.0511043630587
0.0511043629218
0.05793453926
0.0729575814712
0.0985533714617
0.133361998395
0.182171120211
0.248220942285
0.33667475904
0.45273351662
0.60414239134
0.793785838429
1.01728508854
1.28515946523
1.59535140023
1.93264506227
2.31602093503
2.74132337143
3.20489807121
3.70285382745
4.22195302393
4.74601329849
5.26188515867
5.76149782955
6.23933980261
6.68558879033
7.09116860799
7.45016720901
7.75606728138
8.00240198986
8.18697008853
8.3129432409
8.38110078996
8.38110078927
8.31294324615
8.18697009287
8.00240199761
7.75606729012
7.45016722151
7.09116862184
6.68558881521
6.23933983531
5.76149784789
5.26188518084
4.74601332118
4.22195304718
3.70285385044
3.20489809268
2.74132339305
2.31953797608
1.94589557748
1.61612477301
1.31557304084
1.04818396226
0.823233358379
0.632024397629
0.475632636103
0.355811687672
0.263454467746
0.19426643279
0.142834779159
0.106219791414
0.0793239156609
0.0627271196718
0.0552875500567
0.055287549908
0.0627271192118
0.0793239148301
0.106219790136
0.142834777296
0.194266429935
0.26345446369
0.355811682314
0.475632628193
0.632024390532
0.823233349807
1.04818395251
1.31557302892
1.61612475859
1.94589556046
2.31953795483
2.73172220041
3.17636728109
3.65072445624
4.14353700646
4.63892839201
5.12288157146
5.58738553011
6.02863890203
6.43952391323
6.81156121234
7.13870077143
7.41546806624
7.63729358657
7.80450183114
7.92016176516
7.98150698885
7.98150698856
7.92016177018
7.80450183551
7.63729359393
7.4154680746
7.13870078321
6.81156122553
6.43952393701
6.02863893323
5.58738554751
5.12288159265
4.63892841364
4.14353702869
3.6507244783
3.1763673017
2.73172222498
2.32291110314
1.95878217233
1.63566748104
1.34531657403
1.07948137729
0.852749571159
0.66048204951
0.499817423593
0.375451433717
0.279350516027
0.206864935146
0.152971010807
0.114189334559
0.0862434974628
0.0680168506475
0.0598324421611
0.0598324419999
0.0680168501534
0.0862434965708
0.114189333197
0.152971008783
0.206864932061
0.279350511791
0.375451428299
0.499817415604
0.660482042382
0.852749562698
1.07948136762
1.34531656236
1.63566746741
1.95878215717
2.3229110867
2.72207934851
3.14868921043
3.59988995821
4.06636101893
4.53328655852
4.98613124243
5.41691786344
5.82362165905
6.20031902964
6.53960808368
6.83630545974
7.08505989871
7.28429055722
7.43523637363
7.54020321644
7.59456590289
7.594565903
7.54020322131
7.43523637806
7.28429056427
7.08505990673
6.83630547086
6.53960809619
6.20031905256
5.82362168887
5.41691787989
4.98613126263
4.53328657917
4.0663610402
3.59988997943
3.14868923042
2.72207937018
2.32655857907
1.97127249428
1.65502243022
1.37374780026
1.11112311383
0.882318210678
0.689076747177
0.525217299786
0.395861597266
0.296087716571
0.22009067079
0.163561331598
0.122450675974
0.0935502554841
0.0738525644706
0.0648202486732
0.0648202485001
0.0738525639397
0.0935502545286
0.122450674525
0.163561329396
0.220090667478
0.296087712163
0.395861591815
0.525217291825
0.689076740105
0.882318202334
1.11112310426
1.37374778864
1.6550224165
1.97127247834
2.32655856111
2.71215338354
3.12095158857
3.54996624514
3.99014025877
4.42856571309
4.85113331734
5.2499715938
5.62287838153
5.96655235738
6.27444788119
6.54182757498
6.76415673847
6.94181810721
7.07773269274
7.17144408739
7.21891335315
7.21891335362
7.17144409215
7.07773269724
6.941818114
6.76415674616
6.5418275855
6.27444789312
5.96655237959
5.62287841007
5.24997160928
4.85113333657
4.42856573275
3.9901402791
3.54996626548
3.12095160781
2.71215340627
2.33034817573
1.98361906685
1.67455936218
1.40044279612
1.14302807596
0.912786842764
0.717769636343
0.551483504631
0.417079046351
0.313746136732
0.234117333917
0.174760408737
0.131238541493
0.101186920396
0.0802589353262
0.0702422724472
0.0702422722637
0.0802589347549
0.10118691938
0.131238539951
0.174760406337
0.234117330383
0.313746132199
0.417079040883
0.551483496567
0.717769629347
0.912786834513
1.14302806636
1.40044278459
1.67455934874
1.98361905222
2.33034815947
2.70214712892
3.09330496389
3.50038394923
3.91459527193
4.32418811124
4.71744071215
5.08517239817
5.42586267883
5.73784726248
6.01515547996
6.2541451322
6.45138642429
6.60895762274
6.7301997858
6.81245941963
6.85352923718
6.85352923799
6.81245942434
6.73019979039
6.60895762931
6.4513864317
6.25414514216
6.01515549118
5.73784728434
5.42586270616
5.08517241259
4.71744073044
4.32418812996
3.91459529136
3.50038396875
3.09330498251
2.70214715215
2.33379181154
1.99590567714
1.69430928988
1.42517484325
1.17492796516
0.944287132393
0.747048232252
0.578690400504
0.439462071603
0.332125430512
0.248837886262
0.186574564745
0.140804960471
0.109100182086
0.0873269261996
0.0762726335379
0.0762726333415
0.0873269255854
0.109100181014
0.14080495881
0.186574562127
0.248837882526
0.332125425873
0.439462066063
0.578690392456
0.747048225407
0.944287124193
1.17492795551
1.42517483178
1.69430927668
1.99590566341
2.33379179799
2.69152213842
3.06525509445
3.45072895837
3.83898419954
4.22056073673
4.58430966844
4.92234512094
5.23228348438
5.51289264216
5.76086393559
5.97276444918
6.14630055347
6.28512712087
6.39192691701
6.46274297359
6.49786967507
6.49786967622
6.46274297829
6.39192692169
6.28512712724
6.14630056061
5.97276445864
5.7608639461
5.51289266378
5.23228351071
4.92234513432
4.58430968577
4.22056075454
3.83898421809
3.45072897709
3.06525511255
2.69152215761
2.33667678134
2.00827487372
1.71378810358
1.44894370398
1.206037389
0.976423662141
0.776731860962
0.606720724275
0.46335700492
0.351309952424
0.264426282153
0.199059167766
0.151111574808
0.117485952241
0.0950058769812
0.0829339815853
0.0829339813754
0.0950058763245
0.117485951105
0.151111573004
0.199059164942
0.264426278242
0.351309947712
0.463356999368
0.606720716227
0.776731854171
0.976423653975
1.2060373793
1.44894369248
1.7137880901
2.00827485898
2.33667676545
2.68048463836
3.0367293266
3.40092413766
3.763999492
4.11708162949
4.45206849319
4.76106041285
5.04092964615
5.29181086726
5.51136993924
5.69707980612
5.84835433172
5.96945523849
6.06191919637
6.12186728209
6.15154995003
6.1515499515
6.12186728682
6.06191920112
5.96945524468
5.8483543386
5.69707981511
5.51136994918
5.2918108887
5.04092967159
4.76106042523
4.45206850959
4.1170816464
3.76399950969
3.40092415559
3.03672934408
2.68048465756
2.33935530904
2.02086766837
1.73305312473
1.47262709122
1.23594971821
1.00892943459
0.807035076291
0.635086583237
0.488386290364
0.371360882744
0.281018255251
0.212311739582
0.161939055806
0.12632631678
0.103238658857
0.0902598982926
0.090259898067
0.103238658158
0.126326315577
0.161939053842
0.212311736545
0.281018251176
0.371360877968
0.488386284831
0.635086575266
0.80703506963
1.00892942634
1.23594970851
1.47262707973
1.73305311158
2.02086765435
2.33935529427
2.66845341211
3.007515122
3.35049327271
3.68825772888
4.01374195975
4.32043204572
4.60064765184
4.85194613051
5.07391234119
5.26599953279
5.42697246045
5.55716609289
5.66141780288
5.73983452722
5.78964750183
5.8142384413
5.81423844307
5.78964750659
5.73983453204
5.66141780889
5.55716609951
5.42697246903
5.2659995421
5.07391236264
4.8519461551
4.60064766322
4.32043206119
4.01374197579
3.68825774572
3.3504932899
3.00751513872
2.66845343144
2.3414255523
2.03336284355
1.75194352837
1.49671099767
1.26438192978
1.04196495117
0.838531618424
0.664068131686
0.514477658434
0.392349257259
0.298567566071
0.226480703472
0.173503081139
0.135819796026
0.111939669093
0.09837025659
0.0983702563451
0.111939668357
0.135819794746
0.173503078993
0.226480700233
0.298567561867
0.392349252445
0.514477652943
0.664068123785
0.838531611736
1.04196494285
1.26438192012
1.49671098639
1.75194351576
2.03336283027
2.34142553948
2.65550663806
2.97695499915
3.29892040365
3.61215942676
3.91034794988
4.18863655051
4.44136762263
4.66457136214
4.85898765891
5.02479832737
5.1621846431
5.27266176119
5.36073531025
5.4255331013
5.46594989243
5.48598055532
5.48598055733
5.46594989722
5.42553310616
5.36073531606
5.27266176756
5.16218465128
5.02479833612
4.85898768052
4.66457138615
4.44136763312
4.18863656508
3.91034796504
3.61215944281
3.29892042004
2.97695501546
2.65550664944
2.34297614691
2.04550195208
1.77055609202
1.52034906742
1.29102773467
1.07499974005
0.871037445385
0.693775537153
0.541707428607
0.414821742216
0.316878759939
0.241381276077
0.185737164683
0.14620232923
0.121063554382
0.10738881611
0.107388815848
0.12106355361
0.146202327842
0.185737162348
0.241381272655
0.31687875563
0.414821737371
0.541707423171
0.69377552935
0.871037438669
1.07499973177
1.29102772516
1.52034905616
1.77055607879
2.04550193616
2.34297612821
2.64155237667
2.94522680673
3.24605162368
3.5350751473
3.80636156957
4.05727587437
4.28247188554
4.47897007142
4.64686876719
4.78753882938
4.90263363475
4.99463403847
5.06709571183
5.11896055877
5.15084020265
5.16659603309
5.16659603532
5.15084020746
5.11896056364
5.06709571745
4.99463404458
4.90263364258
4.78753883749
4.64686878883
4.47897009492
4.2824718952
4.05727588805
3.80636158389
3.5350751625
3.24605163933
2.9452268219
2.64155239382
2.34331593626
2.05715486043
1.78912709216
1.5435790191
1.31716799561
1.10714200302
0.904128683945
0.723921125702
0.569616351429
0.438762638372
0.336172659016
0.257318557301
0.198717570674
0.157342911671
0.13078585343
0.117170052375
0.117170052097
0.130785852618
0.157342910161
0.19871756815
0.257318553703
0.336172654631
0.438762633538
0.569616346092
0.723921117977
0.904128677234
1.10714199487
1.31716798625
1.54357900834
1.78912708014
2.05715484742
2.34331592168
2.62650361925
2.91195651183
3.19168056641
3.45676917927
3.70241419621
3.92561678073
4.12414115525
4.29473911019
4.43719499643
4.55414167956
4.64831376466
4.72298101283
4.78054349415
4.82029282168
4.84444052452
4.85631570657
4.856315709
4.84444052933
4.82029282652
4.78054349956
4.72298101868
4.64831377216
4.55414168718
4.43719501824
4.29473913333
4.1241411642
3.92561679359
3.7024142097
3.45676919368
3.19168058127
2.91195652645
2.62650363538
2.34294891242
2.06805881731
1.80746911133
1.56635994285
1.34370131912
1.13813651166
0.937649426054
0.754981120332
0.598073943922
0.463750142501
0.356285552377
0.274305366386
0.212587681242
0.169178225049
0.141119869678
0.1277446303
0.127744630013
0.141119868823
0.169178223395
0.212587678515
0.27430536265
0.356285547956
0.463750137688
0.598073938631
0.754981112668
0.937649419456
1.13813650362
1.34370130983
1.5663599321
1.80746909923
2.06805880447
2.34294889915
2.60962609936
2.87711554362
3.13545898322
3.37727456507
3.597162178
3.79391440333
3.96620765358
4.11171094578
4.23019321889
4.32468306564
4.39932569859
4.45768904258
4.50110720291
4.52984607881
4.54696561864
4.55531390579
4.55531390836
4.54696562339
4.52984608357
4.50110720808
4.45768904816
4.3993257058
4.32468307263
4.23019324088
4.11171096868
3.96620766189
3.79391441543
3.59716219068
3.37727457868
3.13545899739
2.87711555737
2.60962611692
2.3408849798
2.07806336307
1.8252472367
1.58874038278
1.37022434785
1.16759966481
0.971549714251
0.787272748616
0.627332662069
0.489934708914
0.377533434822
0.292052212669
0.227310647799
0.181773166973
0.152352695052
0.139027263642
0.139027263352
0.152352694137
0.181773165162
0.227310644898
0.292052208832
0.377533430365
0.48993470412
0.627332656794
0.787272741065
0.971549707661
1.16759965693
1.37022433885
1.58874037257
1.82524722554
2.07806335163
2.34088496926
2.5909455152
2.84013699789
3.07736840146
3.2954676131
3.49096699568
3.66198622911
3.80864034615
3.92998744769
4.02569690156
4.09917577231
4.15568916162
4.19882043424
4.22905858343
4.24784705811
4.25866994316
4.26386657968
4.26386658236
4.25866994782
4.24784706275
4.22905858836
4.19882043954
4.15568916855
4.09917577895
4.02569692374
3.92998747046
3.80864035394
3.6619862405
3.49096700759
3.29546762593
3.07736841482
2.84013701144
2.59094552164
2.33764748554
2.08678500391
1.84242691663
1.61086066549
1.39611787244
1.19548619859
1.0050263554
0.820303847083
0.657174956418
0.517187797835
0.400361991943
0.310669817169
0.242878687902
0.19514335733
0.164624338702
0.150994427923
0.150994427628
0.164624337706
0.195143355362
0.242878684845
0.310669813239
0.400361987461
0.517187793076
0.657174951166
0.820303839786
1.00502634896
1.19548619088
1.39611786358
1.61086065513
1.84242690431
2.08678498859
2.33764746799
2.57058257745
2.80115041271
3.01685182821
3.21218717262
3.38330396088
3.52948817763
3.6515371819
3.7494490386
3.82376691034
3.87784308889
3.91763036386
3.94643495673
3.96468219947
3.97467703947
3.97990601936
3.98230623886
3.98230624158
3.97990602387
3.97467704394
3.96468220413
3.94643496175
3.91763037053
3.87784309508
3.8237669327
3.74944906131
3.65153718929
3.52948818838
3.38330397206
3.21218718469
3.01685184087
2.80115042459
2.57058259189
2.33274012866
2.09399630965
1.85878433091
1.63267547095
1.42154719969
1.2234394986
1.03733363032
0.853606126704
0.687425156524
0.544945265213
0.42425176251
0.330190052781
0.2595319245
0.209266733804
0.177657242591
0.163587039095
0.163587038793
0.177657241503
0.20926673167
0.25953192129
0.3301900488
0.424251758052
0.544945260531
0.687425151357
0.853606119624
1.03733362407
1.22343949112
1.42154719134
1.63267546164
1.85878432061
2.09399629778
2.332740115
2.54797113412
2.75950395331
2.95421137895
3.1266816378
3.27430000372
3.39648039936
3.4945981438
3.57032076079
3.62456242334
3.66087247117
3.68536626325
3.70099172289
3.70849254305
3.71081535673
3.71111571229
3.71103739243
3.71103739513
3.71111571659
3.71081536099
3.70849254742
3.70099172762
3.68536626965
3.66087247702
3.62456244596
3.57032078355
3.49459815086
3.39648040954
3.27430001421
3.1266816491
2.95421139085
2.75950396435
2.54797114846
2.32604410168
2.09944996324
1.87402487097
1.65400124664
1.44645141629
1.25161273581
1.06839797585
0.887452257072
0.718784066699
0.573339515249
0.449250300634
0.350448313863
0.277156054362
0.224340567093
0.191635526042
0.17681524965
0.176815249327
0.191635524845
0.224340564794
0.277156051055
0.350448309862
0.449250296195
0.573339510609
0.718784061582
0.88745225023
1.06839796975
1.25161272859
1.44645140829
1.65400123784
1.87402486141
2.09944995235
2.32604408871
2.52287149136
2.71537816527
2.88882538637
3.03883025012
3.16347745748
3.26255657333
3.33820600911
3.39264124787
3.4282601891
3.44857852711
3.45920219307
3.4628105269
3.46098099624
3.45673466185
3.45276855711
3.45060398185
3.45060398447
3.45276856113
3.45673466585
3.4609810003
3.46281053134
3.4592021992
3.44857853253
3.42826021173
3.39264127077
3.33820601604
3.26255658304
3.16347746733
3.03883026068
2.88882539744
2.71537817525
2.52287150788
2.31668438731
2.1032347658
1.88785001236
1.67468774296
1.47080357576
1.27914046407
1.09757362495
0.921122847378
0.751170068843
0.602405090665
0.47542389548
0.372081132148
0.295430708663
0.240273875284
0.206474076159
0.190749953604
0.190749953238
0.206474074847
0.240273872841
0.295430705286
0.37208112813
0.475423891089
0.602405086106
0.751170063868
0.921122840891
1.09757361909
1.27914045716
1.4708035682
1.67468773481
1.88785000379
2.10323475668
2.31668437594
2.49503646644
2.6684332608
2.82061956795
2.94849735745
3.05076654223
3.12792478384
3.18218431989
3.21682186796
3.23520927471
3.2412699222
3.23948531983
3.23252501132
3.22276837119
3.21304170877
3.20551879634
3.2016040346
3.20160403704
3.20551880002
3.21304171245
3.22276837491
3.23252501544
3.2394853257
3.24126992728
3.23520929756
3.21682189098
3.1821843268
3.12792479318
3.05076655147
2.94849736729
2.82061957827
2.66843326983
2.49503648781
2.30529793497
2.10506021853
1.90006431373
1.69459062333
1.49483467641
1.30584812144
1.12579221913
0.953840080076
0.783895286406
0.631876701401
0.502341389093
0.395033458479
0.314603637067
0.25720292742
0.222080695336
0.205439378022
0.205439377596
0.222080693895
0.257202924859
0.314603633661
0.395033454493
0.502341384779
0.631876696935
0.783895281632
0.953840073865
1.12579221347
1.30584811487
1.49483466932
1.69459061597
1.90006430673
2.1050602129
2.30529792897
2.46437503993
2.61848294315
2.74981615296
2.85572940594
2.93631919194
2.99231232846
3.02671269254
3.0431239965
3.04601475462
3.03934565515
3.02673842314
3.01082528202
2.99457083783
2.98044687975
2.9700856322
2.96478478314
2.96478478531
2.97008563545
2.98044688305
2.99457084119
3.01082528581
3.02673842874
3.03934565991
3.04601477765
3.04312401975
3.02671269953
2.99231233753
2.93631920064
2.85572941509
2.74981616237
2.61848295239
2.46437505284
2.29125422176
2.10484324388
1.91040501727
1.71318421845
1.5181679133
1.332000355
1.15430468914
0.985217980639
0.816834278888
0.661812502907
0.529582690924
0.418737453356
0.33438890903
0.275199927617
0.238403228555
0.220640920304
0.220640919811
0.238403226993
0.275199924981
0.334388905615
0.418737449393
0.529582686717
0.661812498651
0.816834274423
0.985217974769
1.15430468377
1.33200034876
1.5181679066
1.71318421145
1.91040501019
2.10484323705
2.29125421589
2.43035050788
2.56524060366
2.6757161294
2.76039134391
2.81978061706
2.85609328057
2.87200896489
2.87202363174
2.86111499486
2.84351268228
2.82177824561
2.79859493407
2.77726049111
2.75978758605
2.74732243731
2.74097961475
2.74097961658
2.74732244007
2.75978758893
2.77726049407
2.79859493752
2.82177825091
2.84351268666
2.86111501804
2.8720236552
2.87200897208
2.85609328946
2.81978062529
2.76039135238
2.67571613787
2.56524061339
2.43035050423
2.27437199448
2.10196025739
1.91884769081
1.73031744789
1.54073499273
1.35736014905
1.18236203585
1.01508994916
0.849816014184
0.692779502638
0.557463136259
0.443582843421
0.35507637372
0.293895097345
0.255375071293
0.236540263139
0.236540262572
0.255375069604
0.293895094661
0.35507637033
0.443582839524
0.557463132242
0.692779498593
0.849816010025
1.01508994365
1.18236203078
1.35736014318
1.5407349863
1.73031744045
1.91884768137
2.10196024481
2.27437198208
2.39312906876
2.50825147955
2.59851147034
2.66230234461
2.70176064865
2.71930963139
2.71850726048
2.70396784403
2.68134735994
2.65450427323
2.62545750991
2.59679157861
2.57180916922
2.55202739389
2.53818863302
2.5311636187
2.53116362012
2.53818863523
2.5520273963
2.57180917176
2.59679158169
2.6254575149
2.65450427721
2.68134738331
2.70396786779
2.71850726788
2.71930964017
2.70176065647
2.66230235241
2.59851147815
2.50825148676
2.39312907266
2.25433920866
2.09648449389
1.9252190859
1.74581357391
1.56261391719
1.38214867554
1.20939614838
1.0430954045
0.882129658819
0.724213425939
0.585719120395
0.469347798536
0.377113819315
0.313273970122
0.27283485553
0.253220844303
0.253220843665
0.272834853746
0.313273967444
0.37711381597
0.469347794742
0.585719116558
0.724213422172
0.882129654908
1.04309539927
1.20939614367
1.38214867021
1.56261391142
1.74581356729
1.92521907772
2.09648448388
2.25433919732
2.35202485732
2.44819709379
2.51789268266
2.56172912202
2.58204808378
2.58245665371
2.56673267087
2.5398157028
2.50748712727
2.4733119293
2.43885561922
2.40654354504
2.37930138251
2.35822952346
2.34372014767
2.33637663305
2.33637663404
2.3437201493
2.35822952537
2.3793013846
2.40654354772
2.43885562386
2.4733119328
2.50748715071
2.53981572683
2.56673267854
2.58245666243
2.58204809125
2.56172912918
2.51789268985
2.44819709817
2.35202487741
2.23103996132
2.08834043112
1.92932616071
1.75923821302
1.58305299034
1.40624350811
1.23574039107
1.07109080844
0.913056864064
0.75562864645
0.614172953271
0.495570616421
0.39988258485
0.333302680875
0.290984189907
0.270509025397
0.270509024716
0.290984188055
0.333302678214
0.39988258155
0.495570612793
0.614172949736
0.755628642906
0.913056860455
1.07109080355
1.23574038684
1.40624350351
1.58305298575
1.75923820869
1.9293261573
2.08834042907
2.23103995694
2.30737714695
2.38402145168
2.4340926791
2.45861784901
2.46119372393
2.4460469877
2.41741985502
2.38054150828
2.340708578
2.3011480431
2.26324880697
2.22906561676
2.20090037231
2.17950303202
2.16498541188
2.15765766993
2.15765767049
2.16498541296
2.17950303343
2.20090037395
2.22906561903
2.26324881122
2.30114804608
2.34070860162
2.38054153256
2.41741986301
2.44604699641
2.46119373109
2.45861785557
2.43409268521
2.38402145634
2.30737715931
2.20398905735
2.07696883105
1.93081201299
1.77078999484
1.60198040316
1.42941567858
1.26126902187
1.09879980941
0.942674917033
0.78706033595
0.643080423709
0.522018751335
0.423397879863
0.353618733089
0.309697548641
0.288251686069
0.288251685354
0.309697546753
0.353618730483
0.423397876665
0.522018747928
0.643080420382
0.787060332721
0.942674913747
1.09879980489
1.2612690182
1.42941567469
1.60198039954
1.7707899919
1.93081201121
2.07696882973
2.20398905401
2.25838248304
2.31609432125
2.34683227382
2.35327742792
2.33968875262
2.31080468161
2.27166855352
2.22717236224
2.18226414305
2.13937174674
2.09995922831
2.06557931788
2.0377307671
2.01688154073
2.00293726586
1.99591901047
1.99591901065
2.00293726645
2.01688154166
2.03773076827
2.06557931971
2.09995923214
2.13937174911
2.18226416669
2.22717238674
2.27166856184
2.31080469032
2.33968875947
2.35327743389
2.34683227872
2.31609432684
2.25838248161
2.17330638349
2.06233964073
1.92940671411
1.7800365432
1.61919676424
1.45195969668
1.28596491151
1.12548452224
0.97037847929
0.818104971075
0.672489215842
0.54872458247
0.447880047075
0.37469615375
0.328732652724
0.306390536104
0.306390535376
0.328732650864
0.374696151222
0.447880044006
0.548724579259
0.672489212787
0.818104968127
0.970378476434
1.12548451816
1.28596490855
1.45195969367
1.61919676165
1.780036541
1.92940671171
2.06233963669
2.17330637999
2.20548910457
2.24415317976
2.25654241987
2.24618532941
2.21822369219
2.17794643835
2.13057723508
2.0812109341
2.03352250804
1.98942511722
1.95033158236
1.91720458779
1.89073856571
1.87117399978
1.85826205566
1.8518012174
1.85180121731
1.85826205586
1.87117400029
1.89073856643
1.91720458918
1.95033158572
1.98942511892
2.0335225316
2.08121095875
2.13057724372
2.17794644705
2.21822369872
2.24618533471
2.25654242367
2.24415318396
2.20548910113
2.1385565849
2.04415265117
1.9253064089
1.78701875498
1.63438220538
1.47326025486
1.31001500641
1.15126959515
0.99693276796
0.847985183292
0.702057832427
0.575509819766
0.472878653085
0.39639471157
0.348338566471
0.325018581396
0.325018580694
0.34833856468
0.396394709129
0.472878650171
0.57550981684
0.70205782962
0.847985180698
0.996932765552
1.15126959148
1.31001500412
1.4732602525
1.63438220322
1.78701875255
1.9253064057
2.04415264745
2.13855658326
2.14823062897
2.16837429342
2.1634536464
2.13794555109
2.09783701818
2.04866580092
1.99585071004
1.94405206317
1.89594488233
1.85265081836
1.81545823766
1.78475407729
1.76051339168
1.7427614737
1.7311980131
1.72546126283
1.72546126258
1.73119801301
1.74276147386
1.76051339199
1.78475407825
1.81545824052
1.85265081933
1.89594490574
1.94405208788
1.99585071892
2.04866580957
2.09783702436
2.13794555568
2.16345364935
2.168374295
2.1482306351
2.09959308825
2.02213764559
1.91785672308
1.79138236044
1.64780924679
1.49287489327
1.33307604807
1.17620334064
1.02347024151
0.876481392337
0.731365686806
0.602372414078
0.498070064393
0.418199306798
0.368131427675
0.344034314496
0.344034313836
0.368131425992
0.418199304455
0.498070061684
0.602372411441
0.731365684343
0.87648139021
1.02347023961
1.17620333747
1.33307604672
1.49287489224
1.64780924667
1.79138236127
1.91785672506
2.02213764902
2.0995930905
2.08645649747
2.08904994188
2.06809566626
2.029495889
1.9797653752
1.92453228372
1.86913523671
1.81737694249
1.77089873951
1.73012895722
1.69605667992
1.66854644398
1.64706873225
1.63142441271
1.62135164558
1.61641463072
1.61641463044
1.62135164534
1.63142441261
1.64706873218
1.66854644452
1.69605668226
1.73012895741
1.77089876266
1.81737696711
1.86913524573
1.92453229221
1.9797653809
2.02949589278
2.06809566756
2.08904994476
2.08645648484
2.05609484031
1.99586828329
1.90701648179
1.79292403411
1.65897759149
1.51115709908
1.3554218281
1.20029376552
1.0491798888
0.903561329541
0.760306823751
0.629303984812
0.523171314565
0.440391003105
0.387893679781
0.363186139069
0.363186138478
0.387893678233
0.440391000909
0.523171312096
0.629303982503
0.760306821693
0.903561327857
1.04917988759
1.20029376287
1.35542182779
1.51115709906
1.65897759204
1.79292403464
1.90701648177
1.99586828339
2.05609484414
2.02070769551
2.00631995941
1.97137301231
1.92214369123
1.86554178303
1.80733849737
1.75199497113
1.70253590433
1.6593847806
1.62241643916
1.59221642023
1.5682571076
1.54972075214
1.53623839112
1.52764322442
1.52349779866
1.52349779842
1.52764322413
1.53623839083
1.54972075176
1.56825710778
1.59221642202
1.62241643858
1.6593848034
1.70253592876
1.75199498016
1.80733850556
1.86554178813
1.92214369396
1.9713730128
2.00631995785
2.02070769394
2.00802227776
1.96551923804
1.89240390845
1.79158474599
1.66785530361
1.52737374397
1.37688928405
1.22358909605
1.07391411715
0.9288303146
0.788556209594
0.656282181523
0.547973000919
0.463122372087
0.408242391748
0.382245532597
0.382245532099
0.408242390362
0.463122370032
0.547972998712
0.656282179614
0.7885562079
0.928830313638
1.07391411678
1.22358909397
1.37688928483
1.52737374502
1.66785530504
1.79158474724
1.89240391
1.96551924243
2.00802228404
1.95066499046
1.92122756434
1.87434928384
1.81738550032
1.75710035204
1.69872568209
1.64597483477
1.60049734785
1.56182898378
1.52937585351
1.50326307574
1.48281816803
1.46709816306
1.45562324756
1.44835248162
1.44491882366
1.44491882345
1.44835248133
1.45562324715
1.46709816242
1.48281816789
1.50326307695
1.52937585221
1.56182900613
1.600497372
1.64597484361
1.69872568973
1.75710035627
1.81738550182
1.87434928333
1.92122755922
1.95066499695
1.95547392786
1.93044956971
1.87398432711
1.78705286114
1.674412301
1.54196412058
1.39681942232
1.24604578691
1.09774575833
0.95344908103
0.815490910114
0.683176700754
0.572451068781
0.485971779012
0.428726991173
0.401503911361
0.401503910902
0.428726989894
0.485971777221
0.572451067261
0.683176699193
0.815490908988
0.953449080751
1.09774575897
1.24604578542
1.39681942463
1.54196412364
1.67441230562
1.78705286784
1.87398433691
1.93044958022
1.95547393053
1.87725876806
1.83450437344
1.77856014513
1.71704949172
1.65622680842
1.60021122802
1.55197300382
1.51155851536
1.47788958578
1.45007056947
1.42785671693
1.41055627889
1.39726782576
1.38749284847
1.3813093016
1.37846006679
1.37846006641
1.38130930128
1.38749284799
1.39726782494
1.41055627848
1.42785671756
1.45007056746
1.47788960771
1.51155853911
1.55197301215
1.60021123473
1.65622681139
1.71704949184
1.77856014246
1.83450437005
1.87725875784
1.89827892282
1.89085717338
1.85111689009
1.7790266091
1.67828432571
1.55471834851
1.41530894952
1.26761962638
1.12074081559
0.977641230575
0.841108023401
0.709449392859
0.596622930135
0.508794251581
0.448940580431
0.420676026525
0.420676026164
0.448940579415
0.508794250112
0.59662292877
0.709449391759
0.84110802291
0.977641231291
1.12074081753
1.26761962534
1.41530895326
1.55471835312
1.6782843319
1.77902661701
1.85111689938
1.89085718195
1.89827893027
1.80113893098
1.74766289569
1.68581763456
1.62304554144
1.56437629752
1.51305551097
1.47031948877
1.43530645392
1.40651228035
1.38294123931
1.36409962782
1.34933884763
1.33798539422
1.32953143705
1.32416957965
1.32175975449
1.32175975316
1.32416957888
1.32953143655
1.33798539329
1.349338847
1.36409962795
1.38294123668
1.40651230209
1.43530647716
1.47031949605
1.51305551613
1.56437629882
1.62304553988
1.68581763052
1.74766289061
1.80113892186
1.8367674951
1.8463036181
1.82376134964
1.7675169003
1.67937614395
1.56523674829
1.43242069544
1.28856162957
1.14292152575
1.00091577208
0.86539411198
0.735047026122
0.620217953313
0.53113629497
0.469078309186
0.439509517184
0.439509516949
0.469078308433
0.531136293807
0.62021795238
0.735047025605
0.865394112192
1.00091577398
1.14292152921
1.2885616289
1.43242070126
1.56523675507
1.67937615264
1.76751691056
1.82376136021
1.84630362782
1.83676750497
1.72337286349
1.66230421288
1.59804212249
1.53695054368
1.48285101704
1.43734506945
1.4004697467
1.37056239116
1.34606984151
1.32599858634
1.30979324553
1.29692383121
1.28697263375
1.27946925828
1.27467932416
1.27257612539
1.27257611968
1.27467932238
1.27946925785
1.286972633
1.29692383054
1.30979324521
1.32599858325
1.346069863
1.37056241361
1.40046975223
1.4373450726
1.48285101637
1.53695054027
1.59804211715
1.66230420575
1.72337285562
1.77164486267
1.79718160953
1.79190233852
1.75169235025
1.67745049063
1.57369107117
1.44775400317
1.30850274214
1.1643642642
1.02324530923
0.88794772239
0.759790642229
0.643393036029
0.552919816784
0.489246653092
0.458267169837
0.458267169719
0.489246652601
0.552919816015
0.643393035561
0.759790642257
0.887947723501
1.02324531257
1.1643642695
1.30850274164
1.44775401028
1.57369107881
1.67745049907
1.75169235873
1.79190234676
1.79718162004
1.77164487614
1.64571573803
1.58047628309
1.5170334613
1.46011584001
1.41196404082
1.37259949363
1.34118774517
1.31557608427
1.29450152198
1.2770796067
1.26277543452
1.25120973075
1.24219718686
1.23534227861
1.2309439324
1.22904222734
1.22904222905
1.23094393271
1.2353422784
1.24219718594
1.25120973004
1.26277543378
1.27707960339
1.29450154315
1.31557610534
1.34118774873
1.37259949435
1.41196403808
1.46011583484
1.51703345553
1.58047627132
1.64571574139
1.70356898711
1.74347391582
1.75507431268
1.73176017461
1.67207562416
1.57975238853
1.4616817643
1.32717526631
1.185021312
1.04469401573
0.909700424077
0.783227776476
0.666254553219
0.574238955053
0.509056686411
0.476861588125
0.476861588125
0.509056686164
0.57423895468
0.666254553225
0.783227777219
0.90970042619
1.04469402081
1.18502131936
1.32717526574
1.46168177342
1.57975239841
1.6720756359
1.73176018838
1.75507432778
1.74347392822
1.70356898927
1.5698161452
1.50394500103
1.44417752173
1.39313298603
1.35118153953
1.31760579412
1.2907442726
1.26840642353
1.24978036964
1.23417522741
1.22116147653
1.21048095447
1.20211714058
1.19574970142
1.1916629
1.18992160943
1.18992160903
1.19166289973
1.19574970119
1.20211713978
1.21048095392
1.22116147539
1.23417522367
1.24978039041
1.26840644258
1.29074427379
1.3176057922
1.35118153466
1.39313297936
1.44417751381
1.50394499295
1.56981613095
1.63406805372
1.68594777658
1.7135368245
1.70725600481
1.66318631636
1.5832224447
1.47393046322
1.34457392323
1.20496549081
1.06540177871
0.930916681178
0.805290836753
0.688381497634
0.594903153123
0.528663395897
0.494983344525
0.494983344605
0.528663395927
0.594903153214
0.688381498216
0.805290838203
0.930916684481
1.06540178578
1.20496550036
1.34457392239
1.47393047416
1.58322245668
1.66318633026
1.70725601972
1.71353683808
1.68594778617
1.63406806133
1.4976833637
1.43433934644
1.38019849107
1.33561325225
1.29945171483
1.27068626847
1.24716904991
1.2271273905
1.21011077383
1.19570733434
1.18364292952
1.173700268
1.16593225106
1.16006887473
1.15633958735
1.1547738038
1.15477380398
1.15633958735
1.16006887448
1.16593225042
1.17370026765
1.18364292817
1.19570733099
1.21011079452
1.22712740717
1.24716904854
1.27068626404
1.2994517079
1.33561324402
1.38019848195
1.43433933749
1.49768335059
1.56469696977
1.62554092525
1.66730423044
1.67786316846
1.65034563386
1.58389594811
1.48426193643
1.36089565668
1.22436833532
1.08543030077
0.9512940253
0.826102760598
0.709548223866
0.614766030296
0.547799432522
0.512479281226
0.512479281384
0.547799432866
0.614766030903
0.709548224996
0.826102762861
0.9512940299
1.08543031009
1.2243683472
1.36089565585
1.48426194981
1.58389596182
1.65034564874
1.67786318268
1.66730424227
1.62554093485
1.56469698075
1.43105263164
1.37263610318
1.32502231329
1.28648660477
1.25524869149
1.2299783609
1.2086981903
1.19011946988
1.17423456442
1.16079661697
1.14970176017
1.14065274407
1.13367977128
1.12850063128
1.12526717229
1.12394100568
1.12394100564
1.12526717231
1.1285006313
1.1336797708
1.14065274411
1.1497017587
1.16079661374
1.17423458413
1.19011948371
1.20869818666
1.2299783541
1.25524868282
1.28648659498
1.32502230284
1.37263609274
1.43105261898
1.49726283035
1.56360173468
1.6171891675
1.64408748236
1.63314247411
1.58142517544
1.49254579479
1.37585572729
1.24296153379
1.1048013353
0.970837139871
0.845463579139
0.729874485911
0.633813575451
0.566120637909
0.52968480076
0.529684800975
0.566120638548
0.63381357657
0.729874487647
0.845463582302
0.970837145986
1.10480134713
1.24296154777
1.37585572623
1.49254581011
1.58142519041
1.63314248908
1.6440874957
1.61718917885
1.56360174557
1.4972628429
1.37117989636
1.31905153507
1.27783080617
1.24429470932
1.21670998106
1.19376984209
1.17390828177
1.15642331698
1.14167671947
1.12943046797
1.11966332201
1.11189457584
1.10596567546
1.1016227369
1.09898835193
1.09792787055
1.0979278705
1.09898835199
1.10162273695
1.10596567517
1.11189457619
1.11966332065
1.12943046463
1.14167673819
1.15642332772
1.1739082767
1.19376983406
1.2167099711
1.24429469817
1.27783079447
1.31905152222
1.3711798847
1.43363863493
1.5017992999
1.56405741625
1.60541044072
1.61148279074
1.57543382955
1.49867400244
1.38962784843
1.26066105808
1.12359797477
0.989574843416
0.86369590525
0.749183461494
0.651950892262
0.583546391196
0.546534677531
0.546534677817
0.58354639213
0.651950893848
0.749183463854
0.863695909387
0.989574851194
1.12359798918
1.26066107347
1.38962784816
1.49867401929
1.57543384477
1.61148280503
1.60541045319
1.56405742744
1.50179931132
1.43363864705
1.31859290118
1.27302754561
1.23710152675
1.2074198982
1.18223827955
1.16081396385
1.14209264257
1.12594116422
1.11281813185
1.10229063681
1.09416044047
1.08792460243
1.08320474375
1.07977948697
1.0777514622
1.0769707389
1.07697073891
1.07775146227
1.07977948704
1.08320474359
1.08792460264
1.09416043803
1.10229063282
1.11281815151
1.12594117277
1.14209263751
1.16081395527
1.1822382685
1.20741988612
1.23710151411
1.27302753113
1.31859289101
1.37540339846
1.44183954069
1.50921814504
1.56273587179
1.58545991015
1.56571065718
1.50227009714
1.40202108813
1.27751915758
1.14180490067
1.00764367942
0.881307774316
0.767311797347
0.669360702246
0.600383404828
0.562747359588
0.562747359956
0.600383406078
0.669360704312
0.767311800332
0.881307779508
1.00764368922
1.14180491726
1.2775191737
1.40202108902
1.5022701152
1.56571067318
1.58545992555
1.56273588606
1.50921815842
1.4418395525
1.37540340811
1.27308685923
1.23335527527
1.20148840455
1.17426207208
1.15072010884
1.13062984742
1.11349411921
1.0993000938
1.08834971956
1.07989922011
1.07359492877
1.06882311485
1.06519399801
1.06254777336
1.06102999506
1.06046097332
1.06046097333
1.06102999513
1.06254777342
1.06519399789
1.06882311529
1.07359492853
1.07989921733
1.08834973904
1.09930010129
1.11349411582
1.13062983979
1.15072009843
1.17426206042
1.2014883913
1.23335526379
1.27308683879
1.3234240071
1.38552720855
1.45431984313
1.51676986817
1.55468512531
1.55193814582
1.50309024122
1.41287004636
1.29350495122
1.15965356794
1.02516740759
0.898175890052
0.784213611215
0.685969498156
0.616460756819
0.578408980539
0.57840898101
0.616460758383
0.685969500726
0.78421361495
0.898175896458
1.02516741935
1.15965358604
1.29350496712
1.41287004962
1.50309026008
1.55193816208
1.55468514062
1.51676988235
1.45431985594
1.3855272204
1.32342402079
1.23374314322
1.19858173014
1.16946208239
1.14380933512
1.12187101191
1.10365811255
1.08881847219
1.0772290143
1.06864506659
1.06215394361
1.05742922075
1.05384226747
1.05108285652
1.0490276434
1.04789931877
1.04749255509
1.04749255509
1.04789931884
1.04902764343
1.05108285649
1.05384226797
1.05742922025
1.06215394056
1.06864508693
1.07722902152
1.08881847048
1.10365810574
1.12187100217
1.14380932387
1.16946206975
1.19858171983
1.23374312956
1.27792069867
1.3341609914
1.4009560038
1.46887174721
1.51971921795
1.53385987445
1.50068829745
1.42193901275
1.3086539358
1.17707900082
1.04222956226
0.914313523592
0.800002936373
0.701696263883
0.631504149446
0.593353817883
0.593353818482
0.631504151296
0.701696266908
0.800002940906
0.914313531441
1.04222957575
1.17707901979
1.30865395095
1.42193901874
1.50068831698
1.53385989101
1.51971923377
1.46887176236
1.40095601965
1.33416100938
1.27792071759
1.19928868032
1.16726354819
1.13997179345
1.11590323778
1.09617304514
1.08064197822
1.06865176272
1.05971153824
1.05324278435
1.04833257376
1.04480276161
1.04213575567
1.04004504519
1.03840581979
1.03758431931
1.0372378886
1.03723788861
1.03758431937
1.0384058198
1.0400450451
1.04213575611
1.04480276125
1.04833257126
1.05324280624
1.05971154412
1.0686517604
1.08064197165
1.09617303616
1.11590322666
1.13997178219
1.16726353819
1.19928867237
1.23839963046
1.28833394273
1.35076700112
1.42035703316
1.48131645309
1.51176973384
1.49483268881
1.42880095178
1.32291153622
1.19402615109
1.05885412174
0.929809715207
0.81474711713
0.716500957138
0.645688445907
0.607525322048
0.607525322783
0.645688447992
0.716500960599
0.81474712259
0.929809724529
1.0588541367
1.19402617007
1.32291155015
1.42880096091
1.4948327062
1.51176974649
1.48131646261
1.42035704109
1.35076701172
1.28833396054
1.23839965386
1.16834078812
1.13845080202
1.11283715503
1.09108723651
1.07437349373
1.06198273421
1.05281775132
1.04615674632
1.04136242603
1.03761999758
1.03493070051
1.03289881339
1.03129189111
1.02997829547
1.02937372736
1.02909277812
1.02909277813
1.02937372741
1.02997829546
1.03129189117
1.03289881369
1.03493070008
1.03761999552
1.04136244303
1.0461567495
1.05281774519
1.06198272704
1.0743734848
1.09108722613
1.11283714808
1.13845078932
1.16834078478
1.2037625371
1.24808695957
1.30480920944
1.37285462939
1.44035820429
1.48521985049
1.48521103188
1.4333228896
1.33613277297
1.21053578949
1.075167829
0.944786128935
0.828581825736
0.730362902056
0.659080083217
0.620996647849
0.620996648673
0.659080085542
0.730362906049
0.828581832225
0.944786139681
1.07516784487
1.21053580725
1.33613278467
1.43332289912
1.48521104255
1.48521985425
1.44035820426
1.37285462716
1.30480920584
1.24808695242
1.20376252658
1.13991287273
1.11187725648
1.08857085579
1.07006431406
1.056869695
1.04750849016
1.04069484479
1.03570905567
1.03210149342
1.02921035294
1.02713951738
1.02556114911
1.0243350512
1.02323905274
1.0228162826
1.02255861397
1.02255861398
1.02281628255
1.02323905274
1.024335052
1.02556114925
1.02713951688
1.02921035062
1.03210151018
1.03570905706
1.04069483434
1.04750848187
1.05686968648
1.07006430794
1.08857085255
1.11187725246
1.13991286943
1.17282626124
1.21274450018
1.26366116539
1.32776020094
1.39817187684
1.45493444823
1.4718055412
1.43525583324
1.34819600709
1.22663058875
1.09125738864
0.959373556313
0.841687868879
0.743245550159
0.671638458713
0.633674371224
0.633674372113
0.67163846132
0.743245554778
0.841687876367
0.959373568248
1.09125740457
1.22663060415
1.34819601552
1.4352558433
1.4718055483
1.45493445232
1.39817188033
1.32776020156
1.26366115701
1.2127444765
1.17282623006
1.11361139651
1.08800081404
1.06796113701
1.05322037764
1.04336295144
1.03643094351
1.03136181741
1.02759244064
1.02484414777
1.0225546938
1.02090616922
1.01964352605
1.01870196844
1.01781058467
1.01753590112
1.0172780562
1.0172780562
1.01753590116
1.01781058467
1.0187019684
1.01964352609
1.02090616872
1.02255469319
1.02484416541
1.02759243733
1.03136180656
1.03643093353
1.04336294638
1.05322037949
1.06796114026
1.08800082964
1.11361140897
1.14452726268
1.18129487328
1.22711289571
1.28606257365
1.35610458847
1.42155208802
1.45476480681
1.43409500406
1.35866633886
1.24225769382
1.10724958749
0.973653877895
0.854172189709
0.755266799353
0.683238384419
0.645585951687
0.645585952654
0.683238387282
0.755266804531
0.854172198094
0.973653890601
1.10724960293
1.24225770663
1.35866634523
1.43409501757
1.45476481796
1.42155209869
1.35610459722
1.28606257631
1.22711289244
1.18129487227
1.14452727178
1.08976045698
1.06752737152
1.05138500653
1.04031374162
1.03311192517
1.02794216158
1.02411098894
1.02118795475
1.01904742988
1.01724514849
1.01592985584
1.01492032685
1.01419306095
1.01346083241
1.01328656326
1.01305444193
1.01305444193
1.01328656327
1.0134608324
1.0141930611
1.0149203268
1.01592985566
1.01724514905
1.01904743992
1.02118794654
1.02411097829
1.02794215564
1.03311192865
1.04031375333
1.0513850211
1.06752739411
1.08976049935
1.11827508285
1.15267933499
1.19457223026
1.24820169579
1.31547508238
1.38604184458
1.4337810818
1.42957783616
1.36735412341
1.25740499864
1.12324209399
0.987747248222
0.866100349156
0.766452550352
0.694043387605
0.6566520065
0.656652007545
0.694043390742
0.766452556071
0.866100358271
0.987747261339
1.12324210879
1.25740500967
1.36735412998
1.42957785559
1.43378109516
1.38604185396
1.31547508546
1.24820169426
1.19457223297
1.15267934878
1.11827509396
1.06903006925
1.05090036746
1.03868680954
1.03058801669
1.02530500168
1.02135070723
1.0183796126
1.01608462359
1.01441793162
1.01298249324
1.01193066572
1.0111232232
1.01056035302
1.00997143308
1.00986807245
1.00966564006
1.00966564006
1.00986807246
1.00997143308
1.01056035312
1.01112322303
1.01193066601
1.01298249578
1.01441793854
1.01608461461
1.01837960721
1.02135071234
1.02530501639
1.0305880357
1.03868683311
1.0509003887
1.06903011123
1.09422111685
1.12618444853
1.16511776438
1.21407524637
1.27713938162
1.34962147137
1.40913614931
1.42208288685
1.37398296947
1.27190988839
1.1392398298
1.00179159642
0.877663480645
0.776898368596
0.704123260236
0.666877511201
0.666877512314
0.704123263682
0.776898374787
0.877663490365
1.00179160993
1.13923984432
1.27190989902
1.37398297745
1.42208290901
1.40913615669
1.34962146898
1.27713937086
1.21407523555
1.16511776183
1.12618445206
1.09422110775
1.05193759522
1.03809793037
1.02918658209
1.02325465479
1.01926551005
1.01614384248
1.01380829857
1.01198639487
1.01067086187
1.00953962402
1.00872428099
1.00808563062
1.00764865805
1.00717518499
1.00712311884
1.00695624042
1.00695624042
1.00712311885
1.00717518499
1.00764865812
1.00808563041
1.00872428187
1.00953962363
1.01067086394
1.01198638993
1.01380830336
1.0161438566
1.01926552854
1.02325467211
1.02918660492
1.03809793655
1.05193761802
1.07288130094
1.10159996021
1.13789096117
1.18309251158
1.24157122597
1.31327627759
1.38157241618
1.41127207568
1.37826125709
1.28562038517
1.15522335037
1.01585365055
0.889012665206
0.786682113263
0.713524984692
0.676337723423
0.676337724638
0.713524988455
0.786682119898
0.889012675596
1.01585366467
1.15522336507
1.28562039532
1.37826126326
1.41127209053
1.38157240623
1.31327625448
1.24157119679
1.18309248329
1.13789092959
1.1015999112
1.07288123581
1.03856003969
1.02855351968
1.02209789507
1.01763402666
1.01446795771
1.01199186454
1.01012476279
1.00867232904
1.00764472966
1.00676416669
1.00614806076
1.00565610574
1.00532729101
1.00496018351
1.00493707471
1.00480922755
1.00480922756
1.00493707472
1.00496018352
1.00532729105
1.00565610571
1.00614805982
1.00676416556
1.00764473186
1.00867233245
1.01012477422
1.01199187765
1.01446796774
1.01763403346
1.02209790033
1.02855352009
1.03856003191
1.05482808072
1.0792855876
1.11241360415
1.15445687199
1.2086772909
1.27793952374
1.35172824007
1.3971795627
1.37994479697
1.29849953081
1.17120036087
1.02998705821
0.900161537305
0.795910108213
0.722305715287
0.685087956818
0.685087958123
0.722305719348
0.795910115417
0.900161548603
1.02998707311
1.17120037512
1.2984995372
1.37994479438
1.39717956355
1.35172821294
1.27793949106
1.20867725902
1.15445683684
1.11241355334
1.07928551977
1.05482802471
1.02852692135
1.02149625493
1.01668059422
1.01319888189
1.01057994518
1.00854737707
1.00705786259
1.00592726504
1.00516066391
1.00451293523
1.0040782831
1.00373416531
1.00350630778
1.0032390744
1.00323288381
1.00314450542
1.00314450542
1.00323288382
1.00323907441
1.00350630781
1.00373416516
1.00407828407
1.00451293268
1.00516066957
1.00592727274
1.00705786917
1.00854737879
1.01057994237
1.01319887767
1.01668058304
1.02149626297
1.02852689449
1.04028191948
1.05958569697
1.08837194444
1.12707999076
1.17746821259
1.24343157494
1.32013552377
1.37959448234
1.37877487476
1.30974306649
1.18704941548
1.04443416081
0.911230785145
0.804704834942
0.73043571477
0.693078105925
0.693078107323
0.730435719142
0.80470484287
0.911230797378
1.0444341757
1.1870494267
1.30974306536
1.37877486088
1.37959447654
1.32013549761
1.24343155473
1.17746819637
1.12707997291
1.08837193035
1.05958570861
1.0402819673
1.02187729151
1.01669082717
1.0124414623
1.00920628785
1.00698504894
1.0053477735
1.004308518
1.00361211592
1.00318145309
1.00281473081
1.00257096052
1.00237596254
1.00224082901
1.00206069445
1.00205668417
1.00200378968
1.00200378968
1.00205668418
1.00206069446
1.00224082902
1.00237596253
1.00257096076
1.00281472929
1.00318145896
1.00361211877
1.00430851753
1.00534777105
1.00698504533
1.00920628322
1.01244145672
1.01669081868
1.02187729482
1.03008919154
1.04427133512
1.06761336485
1.10170026373
1.14804627432
1.21024827938
1.28727503789
1.35699683451
1.37598692245
1.32026921929
1.20253047423
1.058681088
0.922327164178
0.813165990847
0.738060263128
0.700422853194
0.700422854691
0.738060267835
0.813165999412
0.922327176742
1.05868110175
1.20253048139
1.32026921048
1.37598690184
1.35699682894
1.28727501704
1.21024826402
1.14804625986
1.10170025404
1.0676133725
1.04427136451
1.03008921692
)
;

boundaryField
{
    DIRICHLETINLET
    {
        type            fixedValue;
        value           uniform 1;
    }
    OUTFLOW
    {
        type            fixedValue;
        value           uniform 1;
    }
    PERIODIC
    {
        type            empty;
    }
    WALL
    {
        type            calculatedMaxwell;
        value           nonuniform List<scalar> 
64
(
0.119225516242
0.146408928995
0.179404441758
0.2230477861
0.26694677057
0.307561453426
0.341419067525
0.346631107391
0.350339293603
0.387264348348
0.423817421649
0.448283682428
0.463982922173
0.479004844516
0.494961445503
0.502237949028
0.502696994225
0.504864965164
0.504882974258
0.52409394978
0.599779381487
0.587643655149
0.563450019128
0.524490891016
0.469014873198
0.416440142397
0.355418576237
0.302953546247
0.258055370702
0.210685742187
0.164441021676
0.129232966288
0.095295548764
0.0695222460939
0.0548683253857
0.0441532468322
0.0321605584276
0.0227309531059
0.0175900572916
0.0141817392008
0.0104019369803
0.0045449946583
0.00350440172259
0.00230804715553
0.00103116790298
0.000788872449683
0.000784199599809
0.000785785310292
0.000777204885005
0.00081368893803
0.00161493176544
0.00246823487411
0.00318302794474
0.00367012209493
0.00418042734646
0.00532442823289
0.00922227328659
0.0148343966918
0.0185167553469
0.02384916643
0.0320611677808
0.044130126761
0.0640407449938
0.090359717714
)
;
    }
}


// ************************************************************************* //
