/*--------------------------------*- C++ -*----------------------------------*\
| =========                 |                                                 |
| \\      /  F ield         | OpenFOAM: The Open Source CFD Toolbox           |
|  \\    /   O peration     | Version:  2.4.0                                 |
|   \\  /    A nd           | Web:      www.OpenFOAM.org                      |
|    \\/     M anipulation  |                                                 |
\*---------------------------------------------------------------------------*/
FoamFile
{
    version     2.0;
    format      ascii;
    class       volScalarField;
    location    "24.4480664";
    object      T;
}
// * * * * * * * * * * * * * * * * * * * * * * * * * * * * * * * * * * * * * //

dimensions      [0 0 0 1 0 0 0];

internalField   nonuniform List<scalar> 
3840
(
2.88963929921
2.78085714126
2.67994808664
2.58531532697
2.49119735425
2.41423340012
2.35581997808
2.31839314647
2.27671964338
2.23145548792
2.2020159105
2.18549757168
2.177018184
2.16569524633
2.15482469136
2.15673851664
2.1567385578
2.15482466157
2.16569525906
2.17701817306
2.18549757796
2.20201590338
2.23145549188
2.27671963395
2.31839314411
2.35581997775
2.4142333958
2.49119734972
2.58531532146
2.67994807937
2.78085713242
2.88963928908
2.94274384872
2.90239846962
2.82241620575
2.7335337971
2.640669556
2.56125494095
2.49168056055
2.41879872394
2.3291810203
2.25144249033
2.17775595291
2.10914363428
2.02969381978
1.93753081961
1.84917060516
1.78895850476
1.78895850484
1.8491706053
1.93753081937
2.0296938201
2.10914363576
2.17775595528
2.25144249318
2.32918102273
2.41879872739
2.49168056008
2.56125493977
2.64066955533
2.73353380049
2.82241621338
2.90239847969
2.94274385807
2.98608544594
2.89469130814
2.79470203216
2.70461653064
2.62727055576
2.56011909053
2.51111420865
2.47106228758
2.43276446542
2.40029060086
2.37393351433
2.35722210525
2.34358213838
2.33207873695
2.32397764531
2.3167400166
2.31674001184
2.32397764978
2.33207873556
2.34358213935
2.35722210424
2.37393351422
2.40029060189
2.43276445996
2.47106228397
2.51111420782
2.56011908627
2.62727055091
2.70461652549
2.79470202571
2.89469129985
2.98608543556
3.05413081677
3.05568110201
2.97420686896
2.86390036922
2.74851236157
2.64055072279
2.54655284423
2.46118858119
2.37552157889
2.29027796822
2.22740940415
2.17994184229
2.13683619729
2.08406508859
2.02343628497
1.99015198386
1.99015198338
2.02343628472
2.0840650895
2.13683619977
2.17994184573
2.2274094075
2.29027797123
2.37552158042
2.46118858342
2.54655284316
2.64055072181
2.74851236311
2.8639003747
2.97420687742
3.05568111141
3.05413082492
3.05282441484
2.97560085032
2.88576843442
2.80472346
2.74190230094
2.68798535833
2.64397098752
2.60315926001
2.5719347252
2.54987286445
2.53127601349
2.51674597662
2.50266935854
2.49304732582
2.4869412674
2.48019849121
2.48019849523
2.48694126589
2.49304732714
2.50266935739
2.51674597721
2.53127601215
2.54987286646
2.57193471961
2.60315925654
2.64397098662
2.68798535602
2.74190229672
2.80472345512
2.88576842856
2.97560084246
3.05282441029
3.11692476346
3.14285312551
3.07729580947
2.95632639623
2.82733823935
2.69469978809
2.58023061574
2.48326673106
2.39715054289
2.31385976462
2.2499384379
2.21829746785
2.20312237367
2.18904975023
2.16621997093
2.15904404034
2.15904403979
2.1662199711
2.18904975254
2.20312237782
2.21829747235
2.24993844156
2.3138597675
2.39715054375
2.48326673257
2.58023061439
2.69469978803
2.82733824245
2.95632640289
3.0772958194
3.14285313724
3.11692477433
3.10533681297
3.03760522016
2.9607985923
2.89207029487
2.84072838535
2.79853012511
2.75855202843
2.72308856408
2.69917867187
2.68367423583
2.672190946
2.66084681687
2.64948346822
2.64225750675
2.63879985913
2.6365062075
2.63650620968
2.63879985934
2.64225750763
2.64948346771
2.66084681725
2.67219094525
2.68367423795
2.69917866686
2.72308856082
2.75855202736
2.79853012561
2.84072838223
2.89207029038
2.9607985867
3.03760521334
3.10533680334
3.15843944232
3.18957502229
3.14694878054
3.02502130703
2.88680444386
2.73936331131
2.60887878705
2.50152974868
2.41026929339
2.33314484809
2.26819073211
2.24514928852
2.25084105608
2.26966641999
2.29138013649
2.30512590923
2.30512590899
2.29138013767
2.2696664237
2.25084106143
2.24514929358
2.26819073595
2.33314485083
2.41026929385
2.50152974971
2.6088787859
2.73936331241
2.88680444823
3.02502131435
3.14694878934
3.18957503015
3.15843944883
3.14889070065
3.08969517325
3.02634384318
2.97103858332
2.92935822005
2.89577626058
2.86205144364
2.83488446953
2.81773013981
2.80768525381
2.80111105532
2.79351349097
2.78611559668
2.78159079564
2.78087663509
2.78282952591
2.78282952845
2.78087663543
2.78159079671
2.78611559628
2.79351349145
2.80111105482
2.80768525611
2.81773013532
2.83488446647
2.86205144252
2.89577625997
2.92935821781
2.97103857942
3.02634383804
3.08969516641
3.14889070025
3.1942934123
3.21853474727
3.19360848941
3.08267542686
2.93649636713
2.78034207333
2.63459464753
2.51755946636
2.42184330246
2.34608071437
2.28550436976
2.26560137765
2.28701946581
2.33641274921
2.40271036999
2.43681130584
2.43681130625
2.40271037251
2.33641275421
2.28701947193
2.26560138294
2.28550437357
2.34608071686
2.42184330286
2.51755946705
2.63459464674
2.78034207553
2.93649637209
3.08267543432
3.19360849919
3.2185347585
3.19429342302
3.18664824799
3.13645335237
3.08601156392
3.04356204453
3.01096653123
2.98502126908
2.95989457464
2.9410335768
2.93038204994
2.92556929323
2.92301534563
2.91953106452
2.91621347966
2.91483451582
2.91689162986
2.92118983911
2.92118984165
2.91689163062
2.91483451701
2.91621347948
2.91953106506
2.92301534541
2.92556929573
2.93038204597
2.94103357398
2.9598945735
2.98502126704
3.01096652912
3.04356204118
3.08601155933
3.13645334704
3.18664823532
3.22359537478
3.23829766696
3.22091779826
3.12648489304
2.9770106358
2.817398462
2.66177301405
2.53440516763
2.43327276318
2.35622267649
2.30202377428
2.28289876879
2.31726039379
2.39742007325
2.50336894313
2.56086242888
2.56086243009
2.5033689472
2.39742007949
2.31726040044
2.28289877419
2.30202377804
2.35622267883
2.43327276351
2.53440516809
2.66177301403
2.81739846512
2.97701064124
3.12648490023
3.22091780589
3.23829767235
3.22359537669
3.22028144197
3.17962566222
3.14201694963
3.11158750776
3.08781312246
3.06936527918
3.05368086427
3.04327977508
3.03927380396
3.03973490845
3.04111291025
3.04201256795
3.04278794788
3.04471534717
3.04950819651
3.05425134145
3.05425134412
3.04950819765
3.04471534853
3.04278794787
3.04201256858
3.04111291025
3.0397349111
3.03927380054
3.04327977257
3.05368086309
3.06936527691
3.08781312027
3.11158750484
3.14201694558
3.17962565705
3.22028143926
3.24898436603
3.25466576394
3.23815580336
3.16045951245
3.01304521582
2.85169732157
2.68988771704
2.55214431603
2.44535479888
2.36737809878
2.31874745442
2.30098633003
2.34397815305
2.45240138658
2.592210926
2.68021252867
2.68021253077
2.59221093175
2.45240139401
2.34397816008
2.30098633551
2.31874745804
2.36737810108
2.44535479915
2.55214431657
2.68988771775
2.85169732533
3.01304522157
3.16045951951
3.23815581092
3.25466577122
3.24898437185
3.25084644271
3.2208719704
3.19554450132
3.17640271392
3.16151569814
3.15094039836
3.14520938423
3.14319333175
3.14598901404
3.15176078088
3.15749077876
3.16287753471
3.16783498734
3.17325794288
3.18025666087
3.18461555942
3.18461556229
3.18025666242
3.17325794444
3.16783498752
3.16287753544
3.15749077895
3.15176078369
3.14598901109
3.14319332962
3.14520938299
3.15094039645
3.16151569603
3.17640271132
3.19554449777
3.22087196554
3.25084644355
3.27077512342
3.26999121727
3.2488727064
3.18381401964
3.04556826893
2.88400833063
2.71948504495
2.57093610025
2.45876316462
2.37867901319
2.33264579016
2.3191042092
2.36845077896
2.50317323967
2.67287934774
2.79270396615
2.79270396913
2.67287935516
2.50317324814
2.36845078626
2.31910421466
2.33264579357
2.3786790156
2.45876316487
2.57093610107
2.71948504642
2.88400833487
3.04556827462
3.18381402616
3.248872713
3.26999122708
3.27077513681
3.27951710331
3.26098668271
3.24720367138
3.23884069137
3.23338758963
3.23146246033
3.23528096316
3.24183397009
3.25150550543
3.26299451526
3.27364554653
3.28379058261
3.29293787476
3.30189948706
3.31042602163
3.31431891464
3.31431891776
3.31042602362
3.30189948885
3.29293787511
3.28379058344
3.27364554689
3.26299451823
3.251505503
3.24183396838
3.23528096185
3.23146246032
3.23338758789
3.23884068903
3.24720366822
3.26098667843
3.27951710288
3.2900580988
3.28394659666
3.25556189046
3.19784086532
3.07354803326
2.91359039268
2.74797202311
2.59242673605
2.47342690184
2.39089054213
2.34528383869
2.33758826067
2.39164856147
2.54916793521
2.74951255347
2.89981064008
2.89981064396
2.74951256253
2.54916794469
2.39164856895
2.33758826602
2.345283842
2.39089054462
2.47342690216
2.5924267375
2.74797202529
2.91359039713
3.07354803865
3.19784087039
3.25556189706
3.28394660635
3.29005810819
3.30662931467
3.29998860081
3.29721657779
3.29989320773
3.3041771863
3.31153125449
3.32468733824
3.34013879761
3.35702551462
3.37445266067
3.39053662224
3.40564907915
3.4192739723
3.43166923621
3.44140538365
3.44508852947
3.44508853288
3.44140538611
3.43166923826
3.41927397284
3.40564908009
3.39053662276
3.3744526638
3.35702551259
3.34013879641
3.32468733693
3.3115312547
3.30417718516
3.29989320577
3.29721657503
3.29998859699
3.30662931347
3.30804755304
3.29583027948
3.26108178097
3.20590672594
3.0968878456
2.94089191469
2.77488749252
2.61614455566
2.49018842427
2.4045236739
2.35862261304
2.3569082685
2.41717082458
2.59083240439
2.82301017102
3.00214375662
3.0021437614
2.82301018164
2.59083241479
2.41717083229
2.35690827381
2.35862261644
2.4045236764
2.49018842484
2.61614455759
2.77488749528
2.94089191925
3.09688785025
3.20590673076
3.26108178821
3.2958302878
3.30804755889
3.33264073892
3.33868633064
3.34716494781
3.36007709318
3.37443101574
3.39177038473
3.4143886881
3.43885037879
3.46326038147
3.48703420405
3.50901298759
3.52935565018
3.54758926699
3.56340385197
3.57411919259
3.57802999989
3.57803000362
3.57411919553
3.5634038543
3.54758926771
3.52935565123
3.50901298825
3.48703420737
3.46326037986
3.43885037815
3.41438868686
3.39177038418
3.37443101498
3.36007709169
3.34716494546
3.33868632766
3.33264073709
3.32483662196
3.3063492419
3.26639003913
3.21023282494
3.11514466784
2.96788319648
2.80313446798
2.64189969823
2.50842643412
2.41896628977
2.37259079719
2.37546586836
2.44365551218
2.62906232231
2.89289256457
3.09864523543
3.09864524105
2.89289257657
2.62906233355
2.44365552013
2.37546587353
2.37259080057
2.41896629219
2.50842643504
2.64189970077
2.80313447134
2.96788320106
3.1151446721
3.21023282973
3.26639004515
3.30634924808
3.32483662705
3.35896475032
3.37686777549
3.39687795229
3.42014925759
3.44506674159
3.47298553882
3.50481728715
3.53840555793
3.57096031694
3.60155234016
3.62981959461
3.65572297628
3.67882649383
3.69779920587
3.70966791513
3.7142453462
3.71424535031
3.70966791859
3.6977992085
3.67882649474
3.65572297745
3.62981959542
3.60155234367
3.57096031567
3.53840555793
3.50481728599
3.47298553885
3.44506674105
3.42014925648
3.39687795035
3.37686777242
3.35896475737
3.34112819401
3.31522756057
3.27229071008
3.2123157789
3.12733796202
2.99110195056
2.83045406386
2.669124006
2.5292956699
2.43515720934
2.38683424112
2.39317711708
2.47179595029
2.66421914431
2.95829633516
3.18954684531
3.18954685168
2.95829634839
2.66421915633
2.47179595841
2.39317712213
2.38683424459
2.43515721187
2.52929567138
2.66912400894
2.83045406715
2.99110195503
3.12733796589
3.2123157836
3.27229071643
3.31522756936
3.34112820483
3.38560176839
3.41497445578
3.44668875266
3.48071802523
3.51654588504
3.55508495402
3.5967531767
3.63965624596
3.68059149407
3.71852271699
3.75347427696
3.7854380395
3.813452726
3.83546371196
3.84892696965
3.85457080324
3.85457080778
3.84892697369
3.83546371491
3.81345272711
3.7854380408
3.75347427791
3.71852272073
3.68059149311
3.63965624667
3.59675317565
3.55508495446
3.51654588481
3.48071802449
3.44668875101
3.41497445487
3.38560175583
3.35754982868
3.32360534481
3.27785340904
3.21393280608
3.13563056561
3.01152283697
2.8558486489
2.69580043218
2.55298529969
2.45355068827
2.40238858628
2.41105417775
2.50043241508
2.69866628311
3.01831100088
3.27671470631
3.27671471332
3.01831101519
2.6986662958
2.50043242348
2.41105418293
2.40238858986
2.45355069089
2.55298530173
2.6958004355
2.85584865269
3.01152284124
3.1356305693
3.21393281002
3.27785341243
3.32360534628
3.35754982806
3.41264108333
3.45334423706
3.4969692002
3.54196845107
3.58914245994
3.63869585626
3.69063697127
3.74289831751
3.79265029644
3.83858265137
3.88066182246
3.91900141762
3.95201503784
3.97712564516
3.99257039632
3.99961460393
3.99961460898
3.99257040101
3.97712564848
3.95201503917
3.91900141904
3.88066182356
3.83858265535
3.79265029577
3.74289831899
3.69063697036
3.63869585698
3.58914246007
3.54196845072
3.496969199
3.45334423601
3.41264107862
3.37390729518
3.33217770773
3.28235841998
3.21564013397
3.14061566209
3.02927448697
2.88062886276
2.72323553829
2.57855428981
2.47315613118
2.4196390963
2.43093839852
2.52967750086
2.73562194062
3.07419829383
3.35863445087
3.35863445836
3.07419830908
2.73562195403
2.52967750958
2.43093840387
2.41963909992
2.47315613402
2.57855429244
2.72323554193
2.8806288668
3.02927449099
3.14061566542
3.21564013756
3.28235842315
3.33217771076
3.37390729829
3.44050271377
3.49286826527
3.54794837542
3.60437632893
3.66317254478
3.72417155146
3.78648671073
3.84869184518
3.90775951977
3.96213248128
4.0117831562
4.05671363464
4.09499461671
4.12337885662
4.14125702163
4.14992170262
4.14992170825
4.14125702703
4.12337886035
4.09499461826
4.05671363621
4.01178315745
3.96213248548
3.90775951937
3.8486918475
3.78648670998
3.7241715525
3.66317254525
3.60437632898
3.5479483746
3.49286826482
3.44050270833
3.39068597644
3.34100524367
3.28594655189
3.21808756904
3.14304937159
3.04288445591
2.90443359669
2.75172305943
2.60673649911
2.49467537651
2.43784566289
2.45125845497
2.55838466507
2.77446109563
3.12498133956
3.43339452339
3.43339453119
3.1249813556
2.77446110964
2.55838467402
2.45125846051
2.43784566666
2.49467537965
2.60673650231
2.7517230634
2.90443360093
3.04288445968
3.14304937483
3.2180875721
3.2859465544
3.34100524598
3.3906859801
3.46918917962
3.53337911372
3.6001296776
3.66828393164
3.73923874586
3.81167970293
3.88499587857
3.95750994041
4.02613139068
4.0895020655
4.1472799734
4.19920502238
4.24274614767
4.27465351036
4.29546200431
4.30593254302
4.30593254931
4.2954620105
4.27465351455
4.24274614947
4.1992050241
4.14727997479
4.08950207001
4.02613139046
3.9575099436
3.88499587803
3.8116797043
3.73923874666
3.66828393206
3.60012967713
3.5333791146
3.46918916372
3.40860747541
3.3504423637
3.28931838619
3.22169277202
3.14406308693
3.05195446259
2.92488548802
2.77896361044
2.63540615308
2.51911469926
2.45860752045
2.47248535062
2.58525988593
2.8158998842
3.17200798732
3.50170360332
3.50170361142
3.172008004
2.81589989869
2.58525989526
2.47248535658
2.45860752438
2.51911470278
2.63540615707
2.77896361459
2.92488549211
3.05195446607
3.14406309012
3.22169277437
3.28931838676
3.35044236133
3.40860747249
3.49928900306
3.57521734833
3.6538137004
3.73437914592
3.81715268777
3.90192252028
3.98636856074
4.06928015776
4.1482667567
4.22110150286
4.28747580008
4.34663069116
4.39544341095
4.43146226252
4.4556018113
4.46787726666
4.46787727371
4.45560181837
4.43146226724
4.39544341302
4.34663069303
4.28747580162
4.22110150763
4.14826675673
4.06928016185
3.98636856041
3.90192252202
3.81715268891
3.7343791467
3.65381370039
3.57521734879
3.49928899665
3.42813688992
3.36069723988
3.29355254533
3.2251455351
3.14524619035
3.0587419692
2.94327170861
2.80447122119
2.66355919604
2.54532513059
2.48137148607
2.49568912133
2.61230961618
2.85702787036
3.21737100439
3.56288373948
3.56288374782
3.21737102155
2.85702788537
2.61230962604
2.49568912762
2.48137149014
2.54532513458
2.66355920052
2.80447122534
2.94327171271
3.05874197249
3.14524619338
3.22514553703
3.29355254617
3.36069723959
3.42813689112
3.5308532573
3.6185665365
3.70909085216
3.80197996542
3.8975796797
3.99462748023
4.09071808567
4.18479099325
4.27428695739
4.35715632746
4.43254960129
4.4991015401
4.55353794227
4.59406996963
4.62180091393
4.63599180437
4.63599181227
4.62180092198
4.59406997495
4.55353794465
4.49910154215
4.43254960297
4.35715633251
4.27428695765
4.18479099829
4.09071808555
3.99462748233
3.89757968119
3.80197996657
3.70909085256
3.61856653706
3.53085325294
3.44884723509
3.37194956568
3.29863024072
3.22764967704
3.14673329225
3.06334103175
2.95930094431
2.82976543494
2.69326773151
2.5737110311
2.50540865982
2.51991316218
2.64209770828
2.89885453357
3.26336182878
3.61683205116
3.61683205972
3.26336184633
2.89885454904
2.64209771869
2.51991316877
2.50540866421
2.57371103559
2.69326773646
2.82976543908
2.95930094823
3.06334103512
3.146733295
3.22764967875
3.29863024169
3.371949567
3.44884723676
3.56458760771
3.66356989736
3.7662995632
3.8722732617
3.98052442669
4.09004574162
4.19854068172
4.30394673356
4.40447188197
4.49790896802
4.58254583943
4.65684041596
4.71713091569
4.76269519696
4.79418983644
4.81032247985
4.81032248869
4.79418984555
4.76269520292
4.7171309184
4.65684041819
4.58254584127
4.49790897338
4.40447188249
4.3039467396
4.19854068182
4.09004574409
3.98052442852
3.87227326322
3.76629956394
3.66356989937
3.5645875925
3.47126760088
3.38475488357
3.30491957921
3.22900789401
3.14889497314
3.06591188276
2.97140717444
2.85253230925
2.7227415119
2.60459923653
2.5323696548
2.54486734047
2.67122740852
2.93925838622
3.31034210531
3.66003137351
3.66003138228
3.31034212307
2.93925840203
2.67122741951
2.54486734736
2.53236965956
2.60459924162
2.72274151735
2.85253231331
2.97140717847
3.0659118861
3.14889497559
3.22900789508
3.3049195781
3.38475487895
3.47126759583
3.60031039769
3.71092586146
3.82594052439
3.94483913044
4.06621695014
4.1887364529
4.30953565694
4.42705003342
4.53893408511
4.64318316733
4.73753949231
4.81966898387
4.88622769058
4.93720031506
4.97264127505
4.99071017292
4.9907101828
4.97264128529
4.93720032172
4.88622769366
4.8196689863
4.7375394943
4.643183173
4.53893408583
4.42705004048
4.30953565723
4.18873645574
4.06621695231
3.94483913228
3.82594052568
3.71092586129
3.60031040721
3.49550423301
3.39959904083
3.31251003805
3.23100805723
3.15184165452
3.06771765795
2.98013595012
2.87240576505
2.75035367779
2.63511646526
2.56191139336
2.57246406569
2.70168685348
2.9762680621
3.35894877547
3.69675344347
3.69675345234
3.35894879335
2.97626807838
2.7016868651
2.57246407298
2.56191139865
2.63511647089
2.75035368353
2.87240576913
2.98013595416
3.06771766113
3.15184165662
3.23100805864
3.31251003952
3.39959904405
3.49550423821
3.63805850527
3.76039747325
3.88800363923
4.0200752966
4.15504404386
4.29032444295
4.42416743714
4.55388026832
4.67757116451
4.79302105247
4.89733873832
4.98739497675
5.06068861109
5.1174148218
5.15680117001
5.17684253144
5.17684254243
5.15680118146
5.1174148292
5.06068861455
4.98739497939
4.89733874045
4.79302105842
4.67757116565
4.55388027639
4.42416743762
4.29032444618
4.15504404633
4.0200752988
3.88800364076
3.76039747442
3.63805850673
3.52224750582
3.41651366772
3.321241488
3.23417821766
3.15435208041
3.06983771488
2.98701483844
2.88956687227
2.77596155807
2.66537363799
2.5927118037
2.60101390781
2.73330504455
3.01300950632
3.40551375562
3.72942479976
3.72942480859
3.40551377354
3.01300952305
2.73330505664
2.60101391552
2.59271180957
2.66537364406
2.7759615641
2.88956687627
2.98701484241
3.06983771771
3.15435208219
3.23417821862
3.32124148873
3.41651366917
3.52224750863
3.67791441298
3.812321708
3.95259159563
4.0980722448
4.24621678233
4.39531128589
4.54217969439
4.68450503475
4.82034845951
4.94710984344
5.06149037009
5.15971714499
5.24012956679
5.30276260477
5.34609299181
5.36808990191
5.36808991406
5.34609300448
5.30276261292
5.24012957064
5.15971714783
5.06149037235
4.9471098497
4.82034846096
4.68450504389
4.54217969497
4.39531128948
4.24621678511
4.0980722473
3.95259159752
3.8123217092
3.67791441461
3.55108621623
3.43553477287
3.33166387978
3.2384696619
3.15552696596
3.07222403539
2.99186022112
2.90402775862
2.80059185904
2.69715302783
2.62563902151
2.63132705533
2.76519707709
3.05042753813
3.44848820862
3.75820765059
3.75820765926
3.44848822644
3.05042755532
2.76519708973
2.63132706352
2.6256390279
2.69715303426
2.80059186534
2.90402776249
2.99186022481
3.07222403795
3.15552696784
3.2384696634
3.33166388123
3.43553477412
3.55108621687
3.72053560354
3.8666289046
4.01990384618
4.17853032474
4.34068422198
4.50325415465
4.66346341379
4.81864604779
4.96672041245
5.10503765094
5.22944819411
5.33601904168
5.42382882614
5.49241612253
5.53961776964
5.56354030062
5.5635403139
5.53961778349
5.4924161314
5.42382883037
5.33601904473
5.22944819649
5.10503765739
4.96672041442
4.81864605814
4.66346341442
4.50325415855
4.34068422504
4.17853032758
4.01990384828
3.86662890792
3.72053558863
3.58307937536
3.45676166918
3.34415957793
3.24426917026
3.15632084203
3.07507525424
2.99511635945
2.91434184455
2.82178237659
2.72734070001
2.65946546124
2.66434521237
2.79761942195
3.08617685297
3.48549398154
3.78521620388
3.78521621216
3.4854939993
3.08617687062
2.79761943495
2.66434522104
2.65946546825
2.72734070679
2.82178238312
2.91434184822
2.99511636286
3.07507525666
3.15632084372
3.24426917105
3.34415957674
3.45676166362
3.58307936775
3.7657777942
3.92376978753
4.08982933651
4.26227581812
4.43770072075
4.61396403126
4.78760817532
4.95581119982
5.11625545801
5.26598847625
5.40026896096
5.51536657267
5.61066039097
5.68507953068
5.73602338867
5.76183350082
5.76183351514
5.7360234036
5.68507954021
5.61066039555
5.51536657591
5.40026896344
5.26598848288
5.11625546063
4.95581121145
4.78760817593
4.61396403543
4.43770072404
4.26227582121
4.08982933915
3.92376978788
3.76577780786
3.61719056305
3.48057827386
3.35871040473
3.25156446426
3.15856090334
3.07790568927
2.99787911525
2.92194191149
2.84000045072
2.75543783752
2.69233709698
2.69860296389
2.83120716562
3.12173959497
3.51638497649
3.80957011887
3.80957012667
3.51638499416
3.12173961299
2.83120717883
2.69860297323
2.69233710464
2.75543784461
2.84000045732
2.92194191492
2.99787911843
3.0779056915
3.15856090513
3.2515644659
3.35871040644
3.48057827613
3.61719056572
3.8133515491
3.98335627364
4.16252155054
4.34808328619
4.5374308806
4.72720673683
4.91423423867
5.09548533411
5.26807409965
5.42892442024
5.57284854592
5.69639871312
5.79904268796
5.87896856362
5.9334973862
5.96109820186
5.96109821706
5.93349740199
5.87896857368
5.79904269284
5.69639871653
5.57284854851
5.42892442693
5.26807410303
5.09548534716
4.9142342392
4.72720674122
4.53743088409
4.34808328955
4.1625215533
3.98335627548
3.81335155506
3.65380844577
3.50686280573
3.37546492574
3.2605247434
3.16175531873
3.07953977053
3.00049423752
2.92796874375
2.85507841241
2.78076162356
2.72535802345
2.73376392783
2.86468643466
3.15585769706
3.5449888034
3.8322535242
3.83225353155
3.54498882091
3.1558577153
2.86468644821
2.73376393788
2.72535803158
2.78076163078
2.85507841911
2.92796874687
3.00049424039
3.0795397726
3.16175532018
3.26052474457
3.37546492701
3.50686280765
3.65380844685
3.86351043437
4.0457232561
4.23738894851
4.43631743749
4.63906013258
4.84232878892
5.04262125877
5.23651190407
5.42096716723
5.59234290536
5.74542011937
5.87728079708
5.98677918333
6.07176163738
6.12955499975
6.15876614208
6.15876615786
6.1295550161
6.07176164779
5.98677918843
5.87728080063
5.74542012201
5.59234291215
5.42096717156
5.23651191864
5.04262125914
4.84232879346
4.63906013621
4.43631744109
4.23738895147
4.04572325846
3.86351043866
3.6927461947
3.5360291226
3.39465818471
3.27152961412
3.16640521155
3.07981482689
3.00265216816
2.9316451973
2.86704837678
2.80387822386
2.75797814956
2.7706114432
2.89895015829
3.18673734201
3.56895770061
3.85096526608
3.85096527302
3.56895771783
3.18673736027
2.89895017223
2.77061145391
2.757978158
2.80387823145
2.86704838333
2.93164520024
3.00265217081
3.0798148287
3.16640521276
3.27152961506
3.39465818585
3.53602912411
3.69274619474
3.91611084018
4.11032398338
4.31470714617
4.52648796952
4.74232101632
4.95867195797
5.17154745765
5.37772474511
5.5733124054
5.75427019414
5.91587492814
6.05532129341
6.17100175471
6.26027675956
6.32088477281
6.35149505486
6.35149507083
6.32088478929
6.26027677007
6.17100175994
6.05532129708
5.91587493083
5.75427020093
5.57331241087
5.37772476137
5.17154745785
4.9586719626
4.74232102003
4.52648797329
4.31470714925
4.11032398645
3.91611084352
3.73465995984
3.56741908183
3.41641605212
3.28452056088
3.17263942671
3.08101899923
3.00458063284
2.93420144313
2.87507981898
2.82330412405
2.78767114263
2.80579322825
2.93490885102
3.21746319532
3.58965449559
3.86476943845
3.86476944514
3.58965451245
3.21746321359
2.93490886534
2.8057932396
2.78767115135
2.82330413177
2.8750798253
2.93420144602
3.00458063512
3.08101900086
3.17263942765
3.28452056154
3.41641605312
3.56741908361
3.7346599612
3.9709621068
4.17690481579
4.39369546277
4.61788182779
4.84629790747
5.0749993636
5.29982501882
5.51720335825
5.7229205873
5.91230026956
6.08117642827
6.22719709427
6.34785991004
6.4404733171
6.50322615806
6.53489530695
6.53489532257
6.50322617415
6.44047332741
6.34785991529
6.22719709801
6.081176431
5.91230027636
5.72292059416
5.51720337633
5.29982501874
5.07499936825
4.84629791117
4.61788183171
4.39369546577
4.17690482183
3.97096208963
3.77846961581
3.60098352845
3.44043927716
3.29944645694
3.18043673667
3.0831386435
3.00570002865
2.93613137622
2.88089610597
2.83876497006
2.81445452465
2.83936217253
2.9701354537
3.24510540741
3.60696204899
3.87344817357
3.87344818012
3.60696206555
3.24510542555
2.97013546857
2.83936218441
2.81445453352
2.83876497771
2.88089611173
2.9361313788
3.00570003077
3.08313864489
3.18043673729
3.29944645661
3.44043927526
3.60098352337
3.77846961106
4.02769446164
4.24500257991
4.47347235101
4.70973728744
4.94985959335
5.1900138927
5.42553919812
5.65268618009
5.86693779293
6.0630554643
6.23764725974
6.38848039993
6.51249590147
6.60716833108
6.67115014256
6.70342623306
6.70342624775
6.67115015769
6.60716834087
6.51249590663
6.38848040372
6.23764726254
6.06305547106
5.86693780167
5.65268620023
5.42553919772
5.19001389732
4.94985959696
4.7097372914
4.47347235408
4.24500258736
4.02769443454
3.82437607598
3.63652537053
3.46690381254
3.31681218214
3.18994405682
3.08592814481
3.00485930478
2.93741019756
2.88456725165
2.85084668693
2.83769049164
2.87249874353
3.00484968554
3.27033172989
3.62140022503
3.87919747254
3.87919747904
3.62140024115
3.27033174786
3.00484970096
2.8724987557
2.83769050063
2.85084669431
2.88456725696
2.93741019976
3.00485930671
3.08592814606
3.18994405707
3.31681218053
3.46690380691
3.63652535842
3.82437606707
4.08602466846
4.31415588312
4.55371585291
4.80087818766
5.05177050343
5.30169841531
5.54634692572
5.78128932314
6.00172790358
6.20238680488
6.38040209543
6.5336706676
6.65887180951
6.75391053808
6.81790099509
6.85014815519
6.85014816836
6.81790100871
6.75391054705
6.65887181448
6.53367067141
6.38040209833
6.20238681148
6.00172791479
5.78128934553
5.54634692492
5.3016984199
5.05177050692
4.80087819152
4.55371585648
4.31415588544
4.08602467837
3.87189468206
3.67432845965
3.49524235845
3.33642379301
3.20123915772
3.0901424938
3.00403182688
2.937692899
2.8864072718
2.85890518717
2.85755835088
2.90221046014
3.03784751078
3.29549353556
3.63205615472
3.8790016241
3.87900163046
3.63205617035
3.29549355338
3.03784752687
2.9022104725
2.85755835985
2.85890519415
2.88640727674
2.937692901
3.00403182866
3.09014249488
3.2012391579
3.33642379192
3.49524235553
3.67432845673
3.87189468392
4.14500236043
4.38368597405
4.63307183666
4.89002237656
5.14981792319
5.40780055627
5.65918117134
5.89920979639
6.12279313552
6.32498894336
6.50336877448
6.65588208741
6.77961092641
6.87290805634
6.93541585051
6.96682751406
6.96682752523
6.93541586217
6.87290806423
6.77961093112
6.65588209124
6.50336877758
6.32498894967
6.12279314991
5.89920982174
5.65918117007
5.40780056074
5.14981792647
4.89002238028
4.63307184033
4.38368597382
4.14500238978
3.92090776291
3.71367909083
3.52527099161
3.35772754721
3.21375464802
3.09563057488
3.00410167554
2.93712251467
2.88697277571
2.86351462016
2.87298207378
2.92843472907
3.06735139644
3.31956394453
3.6397599064
3.87369506715
3.87369507334
3.63975992155
3.31956396253
3.06735141302
2.92843474139
2.87298208246
2.86351462665
2.88697278014
2.93712251649
3.0041016771
3.09563057566
3.21375464827
3.35772754753
3.52527099406
3.71367909887
3.92090777043
4.20422004656
4.45185764685
4.71030414544
4.97528598482
5.24193304885
5.5052257579
5.76019072791
6.0017371964
6.22460358309
6.42444190473
6.59920167984
6.74712929415
6.8661283172
6.95518320692
7.01439663521
7.04410015444
7.04410016331
7.01439664466
6.95518321359
6.86612832162
6.74712929797
6.59920168328
6.42444191065
6.22460360145
6.00173722518
5.76019072622
5.50522576222
5.24193305186
4.97528598844
4.71030414846
4.45185765164
4.20422004092
3.97052809304
3.75402906382
3.55659648215
3.38089994145
3.22828115655
3.10239614448
3.00437596058
2.93494753181
2.88649631601
2.86588633786
2.88381333922
2.94980669464
3.09426792588
3.34042999747
3.64298269644
3.86413437637
3.86413438244
3.64298271124
3.34043001573
3.09426794275
2.9498067069
2.88381334773
2.8658863439
2.88649632026
2.9349475334
3.00437596168
3.10239614471
3.22828115637
3.38089994151
3.5565964836
3.75402906549
3.9705280906
4.2623535319
4.51802436017
4.78363562306
5.05432368512
5.32500750952
5.59025913751
5.84473895113
6.0832531353
6.3005121782
6.49320078931
6.65960899477
6.79850355693
6.90905820398
6.99106248475
7.04509085973
7.07208665101
7.07208665757
7.04509086698
6.99106249018
6.90905820814
6.79850356076
6.6596089987
6.49320079477
6.30051220194
6.08325316826
5.84473894915
5.59025914167
5.32500751221
5.05432368849
4.78363562566
4.51802436757
4.26235350853
4.02037035889
3.79510681857
3.58914890934
3.40510144201
3.2445329038
3.11050955193
3.0054595648
2.9316347364
2.88439722727
2.86563974822
2.89063468742
2.96659824384
3.11769481269
3.35967101234
3.6429672191
3.85170065608
3.85170066182
3.64296723359
3.35967103114
3.11769482974
2.96659825599
2.89063469549
2.86563975411
2.88439723084
2.93163473755
3.00545956545
3.11050955175
3.24453290316
3.40510144094
3.58914890683
3.7951068112
4.0203703526
4.31861549479
4.58050332159
4.85084320514
5.12442683606
5.39544827113
5.65821045324
5.90722119992
6.13688531033
6.34301871251
6.52283873399
6.67553111872
6.80076032109
6.89906572969
6.97120016074
7.01821244787
7.04149332603
7.0414933305
7.01821245316
6.97120016505
6.89906573363
6.8007603249
6.67553112335
6.52283873861
6.34301874304
6.13688534844
5.90722119791
5.65821045736
5.39544827346
5.12442683904
4.85084320764
4.58050332735
4.31861548318
4.06924552255
3.83620711614
3.62244949379
3.43024361563
3.26170406212
3.11938884903
3.00764120109
2.92871626981
2.88105069893
2.8633802619
2.89296744833
2.97895701096
3.13571994037
3.37308301511
3.64140159722
3.83619475329
3.83619475875
3.64140161177
3.3730830344
3.1357199572
2.97895702269
2.89296745607
2.86338026741
2.88105070218
2.92871627039
3.00764120136
3.11938884847
3.26170406094
3.43024361345
3.62244948897
3.83620710857
4.06924552162
4.37118525063
4.63719918727
4.90942725369
5.18206843372
5.44883457851
5.70364384956
5.94084778529
6.15557713359
6.34396829188
6.50481898397
6.63846970611
6.74568277472
6.82826173228
6.8880978075
6.92657451134
6.94541592957
6.94541593234
6.92657451504
6.88809781086
6.82826173608
6.74568277845
6.63846971167
6.50481898746
6.3439683315
6.15557717804
5.94084778352
5.70364385381
5.44883458052
5.1820684362
4.90942725636
4.63719918739
4.37118527113
4.11620661123
3.87647173026
3.65547089192
3.45582410762
3.27991607338
3.12950062143
3.01056247306
2.92552374665
2.87615751409
2.859510642
2.891782906
2.98610936507
3.14903814528
3.3817388792
3.63613267026
3.81703360325
3.81703360851
3.63613268488
3.38173889841
3.14903816161
2.98610937657
2.89178291356
2.85951064701
2.87615751649
2.92552374662
3.010562473
3.12950062062
3.27991607226
3.4558241062
3.65547089144
3.87647173396
4.11620661672
4.41841582608
4.6856377172
4.95613294922
5.22313285217
5.47998069148
5.72022674492
5.9387272805
6.1312870381
6.29567014483
6.43177868828
6.54170086427
6.62753815342
6.6919589129
6.73784947306
6.76693483126
6.78094739617
6.78094739764
6.7669348338
6.73784947563
6.69195891654
6.62753815693
6.54170087093
6.43177869013
6.29567019604
6.1312870904
5.93872727935
5.72022674964
5.47998069332
5.22313285452
4.95613295138
4.68563772277
4.41841581189
4.15991148823
3.91504287303
3.68789787118
3.48137031144
3.29820733224
3.1408869408
3.01437605519
2.92241363399
2.86938656241
2.85379040773
2.88744839617
2.98763364963
3.15603257562
3.38670001655
3.62838888488
3.79466178333
3.79466178847
3.62838889951
3.38670003541
3.15603259147
2.98763366077
2.88744840319
2.85379041223
2.86938656416
2.92241363323
3.01437605487
3.14088693973
3.29820733077
3.48137030922
3.68789786839
3.91504286905
4.15991148464
4.45836867046
4.72318337565
4.98714813159
5.2428426448
5.48303629976
5.70135992589
5.8937918127
6.05758688249
6.192180116
6.29899883453
6.38214617357
6.44478707877
6.49014622324
6.52155302038
6.54108321941
6.5502935385
6.55029353901
6.54108322113
6.52155302224
6.49014622664
6.44478708183
6.38214618143
6.29899883393
6.19218018202
6.05758694427
5.89379181271
5.70135993145
5.48303630169
5.24284264688
4.98714813444
4.72318337544
4.45836868581
4.19900532274
3.95096742126
3.71879330871
3.50638741594
3.31650241795
3.15235379318
3.01843564695
2.91980808856
2.86225326437
2.84625812081
2.88036316935
2.9847292969
3.15777338055
3.38524170795
3.61820134797
3.77130704296
3.77130704793
3.61820136265
3.38524172628
3.15777339567
2.98472930748
2.88036317589
2.84625812475
2.86225326546
2.91980808708
3.01843564636
3.15235379191
3.31650241622
3.50638741352
3.71879330622
3.95096742086
4.19900532227
4.48827410743
4.74622903249
4.99825190284
5.2357916859
5.45170024455
5.64073498276
5.79998770772
5.92975286322
6.0307794786
6.10606690059
6.16156505627
6.2011275328
6.22801446246
6.2455480854
6.25615108469
6.26099376479
6.26099376453
6.25615108584
6.24554808654
6.22801446548
6.20112753509
6.16156506522
6.1060668964
6.03077956288
5.92975293633
5.79998770959
5.64073498969
5.45170024712
5.23579168855
4.99825190652
4.74622902879
4.488274148
4.23140041962
3.98255231275
3.74726250672
3.52995378382
3.33451966479
3.16416228998
3.0228941082
2.917571893
2.8544255258
2.83703937391
2.87059802638
2.97654219736
3.15419287856
3.3782971627
3.60255828605
3.74700996346
3.74700996864
3.60255830036
3.37829717969
3.15419289252
2.97654220739
2.87059803194
2.83703937723
2.85442552618
2.91757189096
3.02289410781
3.1641622891
3.33451966403
3.52995378401
3.7472625099
3.9825523219
4.23140041906
4.50521434209
4.75110496242
4.98441218499
5.19638163961
5.38039314807
5.53302157216
5.65452488192
5.74698794447
5.81328046805
5.85752012103
5.88652078997
5.90488331931
5.91516568518
5.92028222313
5.92296435142
5.92410570535
5.92410570433
5.92296435217
5.92028222346
5.91516568759
5.90488332037
5.88652079958
5.85752011219
5.81328057415
5.74698803024
5.65452488613
5.53302158129
5.38039315225
5.19638164399
4.98441218951
4.75110496984
4.50521433186
4.25501959507
4.00835841989
3.77209851215
3.5515065883
3.35124033942
3.17524016397
3.0278048871
2.9154769651
2.845953187
2.82577395047
2.85858603864
2.96406288731
3.1443729906
3.36646583733
3.5837935997
3.71952589152
3.71952589574
3.58379361221
3.36646585368
3.14437300621
2.96406289595
2.85858604368
2.82577395333
2.84595318674
2.91547696241
3.02780488676
3.17524016297
3.35124033841
3.55150658797
3.7720985125
4.00835841667
4.25501958499
4.50595558249
4.73323663065
4.94062121141
5.11945166011
5.26488527646
5.37604255569
5.4575191368
5.512791513
5.54599491836
5.5619714017
5.56747424539
5.56736008542
5.56332686056
5.55774305715
5.55359806109
5.55170417056
5.55170416791
5.5535980612
5.55774305669
5.5633268622
5.5673600847
5.56747425566
5.56197138606
5.54599505042
5.51279161207
5.45751914428
5.37604256794
5.26488528351
5.11945166702
4.94062121892
4.73323663615
4.50595560241
4.26732548624
4.02673795093
3.79207479605
3.57019082137
3.36630078748
3.18533207537
3.03235155799
2.91332763028
2.83713542329
2.81297476842
2.84453757081
2.94806528997
3.12845127671
3.34913960077
3.56250481606
3.69049600848
3.69049601257
3.56250482889
3.34913961646
3.12845128912
2.94806529774
2.84453757535
2.81297477123
2.83713542218
2.9133276267
3.03235155754
3.18533207368
3.36630078535
3.57019081945
3.79207479415
4.0267379487
4.26732547846
4.48655031783
4.68838055997
4.86225320939
5.00136621006
5.10329876836
5.17221950529
5.21443229909
5.23511965929
5.23879532021
5.23048528391
5.21613667851
5.19999381297
5.1839193795
5.16921225303
5.15915405279
5.15472030071
5.15472029225
5.15915404984
5.16921225186
5.18391938038
5.19999381003
5.21613668935
5.23048525971
5.23879548217
5.23511977256
5.21443230923
5.17221952163
5.10329877988
5.00136622162
4.86225322105
4.68838057066
4.486550333
4.26545616135
4.03538910291
3.80577093787
3.58449087885
3.37883249883
3.19422807958
3.03614302907
2.91069896801
2.82827447634
2.79905058795
2.8283214812
2.92894152653
3.10735837713
3.32667591937
3.53701297433
3.66010437369
3.66010437845
3.53701298742
3.32667593366
3.10735838816
2.92894153371
2.82832148517
2.79905059081
2.82827447469
2.91069896346
3.03614302785
3.19422807666
3.37883249494
3.58449087415
3.80577093148
4.0353890943
4.26545614901
4.44314761494
4.61201745483
4.74592536637
4.84058555414
4.89834282285
4.92646464452
4.93358585091
4.92420386073
4.9029640467
4.87423963254
4.84291670844
4.81285438469
4.78633446491
4.76371434622
4.74841817469
4.74177024892
4.74177021575
4.74841816569
4.76371434468
4.78633446635
4.81285437987
4.84291671967
4.87423959795
4.90296424122
4.92420398916
4.93358586434
4.92646466633
4.89834284013
4.84058557117
4.74592538373
4.61201746085
4.44314768022
4.24612899352
4.03205751259
3.81136125602
3.59394563048
3.38818238799
3.20112132946
3.03886177994
2.9077499691
2.81902210792
2.78393095871
2.80986450021
2.90665041052
3.08207544062
3.30060061121
3.50686310632
3.62685904502
3.6268590505
3.50686311908
3.30060062424
3.08207545065
2.90665041687
2.80986450402
2.78393096206
2.81902210536
2.9077499627
3.03886177833
3.2011213254
3.38818238323
3.59394562571
3.81136125177
4.0320575122
4.24612898201
4.37203387205
4.50133558647
4.59067751545
4.63965045174
4.6557745835
4.64788882158
4.6252045002
4.59013276863
4.54796585351
4.50204230872
4.45607496964
4.41357261337
4.37765820951
4.3481125109
4.32818995294
4.31952203187
4.31952204215
4.3281899558
4.34811250996
4.37765820944
4.4135726062
4.45607498109
4.5020422626
4.54796608373
4.59013291165
4.62520452006
4.64788884871
4.6557746073
4.639650476
4.59067753757
4.50133561479
4.37203385705
4.20605225387
4.01383447386
3.80686582386
3.59676469589
3.39348396619
3.20544558613
3.03972683671
2.90427544746
2.80928009763
2.76751391398
2.78913678587
2.88170373703
3.05231012813
3.27031892854
3.47353513299
3.59130540031
3.59130540578
3.47353514468
3.27031894026
3.05231013703
2.88170374302
2.78913678921
2.76751391768
2.80928009386
2.90427543886
3.03972683425
3.20544558111
3.39348395992
3.59676468806
3.80686581238
4.01383445335
4.20605222708
4.26987684185
4.35490729004
4.39865200374
4.4048006906
4.38346291754
4.34600352013
4.29867760979
4.24178437392
4.18150006167
4.12043902681
4.06155700146
4.00809031464
3.96385413563
3.92860975565
3.90492287921
3.89455228271
3.89455227988
3.90492287813
3.92860975423
3.96385413568
4.00809030608
4.06155701409
4.12043896642
4.18150033105
4.24178453147
4.29867763644
4.34600355237
4.38346294752
4.40480072039
4.39865203247
4.35490731866
4.26987685659
4.14193575718
3.97820837491
3.7904469447
3.59149679094
3.39336358972
3.20643945435
3.03871503736
2.89947824792
2.79879590602
2.75030880339
2.7669462184
2.85459102035
3.01918007424
3.23525000769
3.43621579017
3.55391330024
3.55391330545
3.43621580098
3.23525001817
3.0191800822
2.85459102583
2.7669462217
2.7503088074
2.79879590125
2.89947823665
3.03871503398
3.20643944691
3.39336358017
3.59149677854
3.79044692765
3.978208352
4.14193573153
4.13562761182
4.17453220745
4.17517968428
4.14402796931
4.09126918179
4.02973907057
3.96110045378
3.88550069781
3.80919286452
3.73481269721
3.66513843477
3.60287882119
3.55244634944
3.51353734525
3.48772986979
3.47627890553
3.47627890604
3.48772987014
3.51353734429
3.55244635001
3.60287881175
3.6651384498
3.73481262298
3.80919317995
3.88550086934
3.96110048818
4.02973910763
4.09126921607
4.14402800383
4.17517971796
4.17453224118
4.13562763526
4.05077507194
3.92222187193
3.75941301614
3.57653111458
3.38704317201
3.20335425994
3.03532794517
2.89313478777
2.787385074
2.73256750046
2.74332801428
2.82531518904
2.98341180377
3.19681985919
3.39581524319
3.51434541193
3.51434541688
3.39581525275
3.19681986847
2.98341181108
2.825315194
2.74332801729
2.73256750508
2.78738506755
2.89313477361
3.03532793941
3.20335425003
3.38704315916
3.57653109815
3.75941299546
3.92222184647
4.05077504577
3.97004656255
3.96473294534
3.92781175219
3.86534676201
3.78788620495
3.70563122929
3.61827392147
3.52595121819
3.43626442898
3.35153080443
3.27498895528
3.20805793652
3.15512480905
3.11566506811
3.09024190563
3.07872479337
3.07872479309
3.09024190592
3.11566506772
3.15512481071
3.20805792744
3.27498897425
3.35153071427
3.43626479461
3.52595140273
3.61827396457
3.70563126797
3.78788624087
3.86534679876
3.92781178871
3.96473298244
3.97004659189
3.93077442641
3.84317181447
3.71166472224
3.5501285868
3.37304601246
3.19533759707
3.02887022037
2.8849523421
2.7749670756
2.71398047163
2.71814111954
2.7939866558
2.94536152628
3.15545922261
3.35256915523
3.47167765802
3.47167766198
3.35256916325
3.15545923088
2.94536153269
2.79398666009
2.71814112199
2.71398047595
2.77496706723
2.88495232681
3.02887021242
3.19533758505
3.37304599698
3.55012856784
3.71166469912
3.84317178698
3.93077439829
3.77684592503
3.7323574668
3.66470732528
3.5762797107
3.47833933463
3.37822214604
3.27437903566
3.16855730107
3.07030135603
2.98090236108
2.90364225238
2.83816132848
2.78734564183
2.75097400267
2.72823671077
2.71774098244
2.71774098259
2.72823671129
2.7509740029
2.78734564459
2.83816132031
2.90364227682
2.98090225509
3.07030177987
3.16855749696
3.27437908823
3.37822218533
3.47833936925
3.57627974671
3.66470736196
3.7323575049
3.77684596034
3.78218074342
3.73910570051
3.64489845531
3.51001040143
3.35030968557
3.18173199506
3.01883737255
2.87430622428
2.76124220625
2.69442043772
2.69159168047
2.76096624641
2.90569492755
3.11117116114
3.30705783302
3.42615285793
3.42615286108
3.30705783996
3.11117116803
2.90569493275
2.76096624972
2.69159168212
2.69442044116
2.76124219634
2.87430620695
3.01883736279
3.18173198199
3.35030966928
3.51001038187
3.64489843189
3.73910567317
3.78218071385
3.5617043135
3.48504489964
3.39127627233
3.28273477733
3.16697977743
3.0515970055
2.93508055576
2.82234590504
2.7231151766
2.63723868761
2.56627880949
2.50784410398
2.4626432331
2.43170731443
2.4131877673
2.4039158609
2.40391586108
2.41318776825
2.43170731508
2.4626432368
2.5078440965
2.56627884029
2.63723856577
2.72311567174
2.82234610507
2.93508061279
3.0515970413
3.16697980729
3.28273480952
3.39127630506
3.4850449485
3.56170427885
3.60754783337
3.60921023221
3.55699420393
3.45486835184
3.31689998799
3.16117052585
3.00443244256
2.86108096523
2.74586838797
2.67384874819
2.66383352652
2.72690145685
2.86474969311
3.06419950629
3.25896223113
3.3784468856
3.37844688838
3.25896223701
3.06419951188
2.86474969712
2.72690145908
2.66383352681
2.6738487506
2.74586837699
2.8610809468
3.00443243209
3.16117051185
3.31689996959
3.45486832782
3.55699417115
3.60921018892
3.60754779403
3.33152442548
3.22921401743
3.11446770564
2.98774215733
2.85766373429
2.73171187827
2.6106258906
2.50027159569
2.40931638213
2.33360675328
2.27342032761
2.22496641994
2.1867499822
2.16148580274
2.14723300565
2.13927456696
2.13927456717
2.14723300655
2.16148580357
2.18674998614
2.22496641328
2.27342036318
2.33360662164
2.40931692338
2.50027179405
2.61062595321
2.73171191244
2.85766376041
2.98774218368
3.1144677355
3.22921404771
3.33152447545
3.41135558257
3.45498646271
3.44682345448
3.38255551843
3.2718089707
3.13274473913
2.98509937111
2.84489108446
2.72861404637
2.6522570541
2.63523267091
2.69171128041
2.82255938235
3.01569748441
3.20883795801
3.3284441
3.32844410234
3.20883796275
3.01569748871
2.82255938513
2.69171128129
2.63523266984
2.65225705536
2.72861403448
2.84489106418
2.98509935893
3.13274472344
3.27180895011
3.3825554934
3.44682342493
3.4549864323
3.41135555713
3.09251067234
2.96963429095
2.83763057402
2.69531138781
2.55723837761
2.42954557538
2.31429887075
2.21556806431
2.13869826053
2.07612414738
2.02767419442
1.98902925022
1.95731112137
1.93652077411
1.92617708867
1.91920766573
1.91920766594
1.9261770895
1.93652077494
1.95731112528
1.98902924426
2.02767423095
2.07612401239
2.13869883563
2.21556825169
2.31429893296
2.42954560778
2.5572383993
2.69531140844
2.83763059772
2.96963431508
3.09251071726
3.19958494597
3.27965133491
3.31429222508
3.29170213393
3.21337703858
3.09570903642
2.95995400832
2.82515600492
2.70913851291
2.62938251247
2.60599822924
2.65526375096
2.77938223397
2.96609093604
3.15733661322
3.27684558344
3.27684558509
3.15733661708
2.96609093914
2.77938223523
2.65526375027
2.60599822665
2.62938251247
2.70913850149
2.82515598319
2.95995399393
3.09570901892
3.2133770169
3.29170210911
3.31429219852
3.27965130877
3.19958491781
2.84977341731
2.7099229366
2.56413844224
2.4126415666
2.27581337394
2.15713706116
2.05642792692
1.97494644294
1.91339354895
1.86306615116
1.82484222832
1.79412951531
1.76804408835
1.7504157617
1.74321296918
1.73681950663
1.73681950682
1.74321296987
1.75041576247
1.76804409173
1.79412951014
1.82484226381
1.86306601821
1.91339412928
1.97494660711
2.05642798064
2.1571370886
2.27581339172
2.41264158223
2.56413845829
2.70992294691
2.84977351305
2.97833762604
3.08779045398
3.16143517244
3.18144425013
3.14023360641
3.04882471034
2.92843600829
2.80141347303
2.68709067307
2.60513207863
2.57602252014
2.61781549287
2.73538043274
2.91552901499
3.104601865
3.22407706443
3.22407706578
3.10460186758
2.91552901647
2.73538043261
2.61781549025
2.57602251602
2.60513207722
2.68709066082
2.80141344791
2.92843599057
3.04882468959
3.1402335825
3.18144422516
3.16143515113
3.08779044546
2.97833762361
2.60670385654
2.45372604105
2.29983652713
2.14989507268
2.02498964644
1.92347071798
1.84117429207
1.77704254258
1.72888778408
1.68843333622
1.6581550975
1.63353994154
1.6120646689
1.59664582441
1.59203125932
1.58604614202
1.58604614217
1.59203125989
1.59664582508
1.6120646719
1.63353993686
1.65815512995
1.68843321223
1.72888833726
1.77704267994
1.8411743325
1.92347073747
2.02498965939
2.14989508296
2.29983653443
2.45372606344
2.60670379101
2.75250920394
2.88501277291
2.99138743471
3.05231550191
3.05146040368
2.99067898315
2.88975500865
2.77333219539
2.66262982494
2.57929270799
2.54511131178
2.57983846579
2.6908456155
2.8644034599
3.05087778088
3.17008220254
3.17008220364
3.05087778205
2.86440345997
2.69084561346
2.57983846141
2.54511130566
2.57929270366
2.66262981109
2.77333216895
2.8897549884
2.99067896077
3.05146037837
3.05231547437
2.99138740674
2.88501274542
2.75250918103
2.36677543476
2.20645879207
2.05366432426
1.91686239959
1.81223516368
1.73076513997
1.6661131799
1.61595023925
1.57833325209
1.5455543627
1.52120454721
1.50117250121
1.4836172089
1.4697461081
1.4673979706
1.46161636475
1.46161636487
1.46739797099
1.46974610869
1.48361721056
1.50117249721
1.52120457651
1.54555424798
1.57833377248
1.6159503528
1.66611320816
1.73076514837
1.81223516849
1.91686239985
2.05366431833
2.20645881793
2.36677519404
2.5260179994
2.67634111194
2.80883406389
2.90604554096
2.94627188618
2.92071835902
2.8433285209
2.74004565009
2.63520907855
2.55178316363
2.51335597078
2.54146655389
2.64609021344
2.81328510136
2.9965524828
3.11513995232
3.11513995277
2.9965524827
2.81328509989
2.64609020952
2.54146654738
2.51335596279
2.55178315685
2.63520906397
2.74004562518
2.84332850248
2.92071833943
2.94627186267
2.90604551186
2.80883402292
2.676341045
2.52601793957
2.13468483219
1.97604706164
1.83544002918
1.72036341965
1.63808487156
1.57489830034
1.52466610119
1.48507947295
1.4554093049
1.4286230581
1.408679209
1.39219641652
1.37810994842
1.36561961968
1.36480013641
1.35936359848
1.35936359858
1.36480013683
1.36561962013
1.37810995047
1.3921964131
1.40867923465
1.42862295254
1.4554097823
1.48507956831
1.52466611286
1.57489829541
1.63808486212
1.72036340328
1.83544002003
1.97604699013
2.13468509103
2.30201903906
2.46585557402
2.61814669551
2.74568385942
2.82510750928
2.83782832107
2.78841274469
2.70117182137
2.60455047013
2.52265958761
2.48088038719
2.50274619423
2.60097313718
2.76239027695
2.94225695685
3.05969952645
3.05969952631
2.94225695559
2.76239027398
2.60097313138
2.50274618584
2.48088037794
2.52265957841
2.60455045671
2.70117180293
2.78841273198
2.83782830925
2.82510750095
2.74568385993
2.61814670982
2.46585561156
2.30201908756
1.9172717018
1.77115975234
1.65144246985
1.5606188693
1.49845983998
1.44931116885
1.41031477813
1.37845863927
1.35486213095
1.33290171321
1.31633930463
1.30286669423
1.29176566681
1.28057791793
1.28063966513
1.27587060733
1.27587060739
1.28063966545
1.28057791834
1.29176566829
1.30286669137
1.31633932672
1.33290161699
1.35486257251
1.37845872118
1.41031477669
1.4493111482
1.4984598133
1.56061883657
1.6514424505
1.77115963538
1.91727212295
2.08455226161
2.25683960824
2.42391564311
2.57500929065
2.68949127758
2.74152606298
2.72408848577
2.6567243315
2.57029259649
2.49162779864
2.44753574807
2.46383814612
2.55585724629
2.71182387085
2.88810081751
3.00429639914
3.00429639858
2.88810081495
2.71182386613
2.5558572386
2.46383813647
2.44753573824
2.49162778849
2.57029258538
2.65672432004
2.72408847679
2.74152605913
2.68949128503
2.57500931774
2.42391570385
2.25683971804
2.08455233794
1.72234922506
1.59710813854
1.50224133424
1.43345612349
1.38661315227
1.34770848746
1.31702926251
1.29133551384
1.27246398742
1.25460857179
1.24101582504
1.23004554404
1.22140182642
1.21172460701
1.21206636369
1.20815818907
1.20815818911
1.21206636395
1.21172460735
1.22140182754
1.23004554189
1.24101584323
1.25460848637
1.27246439228
1.29133557752
1.31702924332
1.34770844642
1.38661310694
1.43345607748
1.50224130206
1.59710803178
1.7223495163
1.87921573053
2.05302621755
2.22968678352
2.39815051147
2.54172033145
2.63193379006
2.64974547381
2.6060175304
2.53210247125
2.45842630885
2.41328002143
2.42476990026
2.51074508739
2.66184283725
2.83434872526
2.9491568413
2.9491568402
2.83434872161
2.66184283084
2.51074507818
2.42476988996
2.41328001157
2.45842629784
2.53210246097
2.60601752641
2.64974546947
2.63193379898
2.54172035882
2.39815056542
2.22968687492
2.05302632932
1.87921575438
1.55582719016
1.45577870101
1.38367945035
1.33222058764
1.2961518735
1.26507369509
1.24074192104
1.22024680992
1.20525207129
1.19075171259
1.17998289637
1.17114513946
1.16452682972
1.15631229444
1.15661700076
1.15370030865
1.15370030868
1.15661700096
1.15631229471
1.16452683047
1.17114513806
1.17998291015
1.19075164115
1.20525243045
1.22024684926
1.240741881
1.2650736386
1.29615181794
1.33222053963
1.38367939653
1.45577872079
1.55582675288
1.69272423084
1.85858624293
2.03874483726
2.21889192914
2.38495248042
2.50986629813
2.56483721217
2.54883182468
2.48995188887
2.42306111336
2.37815000772
2.38559106726
2.46583733742
2.61234916753
2.78111100976
2.89469227979
2.89469227833
2.78111100512
2.61234915966
2.46583732725
2.38559105683
2.37814999732
2.42306110014
2.48995187963
2.54883182931
2.56483721589
2.50986631981
2.3849525165
2.21889197346
2.03874486674
1.85858620583
1.69272416232
1.4194741363
1.34395450538
1.2894012112
1.25034482296
1.2220374532
1.19740459737
1.17821579305
1.16204150199
1.15054539696
1.13907251879
1.13082126683
1.12386650921
1.11892186241
1.11224316933
1.11247416307
1.11037058467
1.11037058469
1.11247416323
1.11224316955
1.11892186287
1.12386650857
1.13082127579
1.13907246478
1.15054570306
1.1620415082
1.17821573394
1.19740453422
1.22203739853
1.25034478027
1.28940115506
1.34395457832
1.41947351473
1.53088698138
1.67940142306
1.85484842888
2.04077988306
2.22283331046
2.3772443756
2.46924526635
2.48423287364
2.4433622357
2.38513358275
2.34172814226
2.3461453127
2.42134696356
2.56352017403
2.728608131
2.8407796683
2.84077966641
2.72860812549
2.56352016511
2.42134695272
2.3461453016
2.3417281304
2.38513356705
2.4433622277
2.48423289075
2.46924527758
2.37724439977
2.22283333259
2.04077988558
1.85484837882
1.6794013156
1.53088698533
1.30928530012
1.25385644578
1.21195256646
1.18228445084
1.16035299105
1.14146827239
1.12687854133
1.11462864847
1.10628005304
1.0976895542
1.09164220228
1.08649028052
1.08300048634
1.07794433142
1.07802995707
1.07665021827
1.07665021828
1.07802995718
1.07794433157
1.0830004866
1.08649028045
1.09164220654
1.09768952237
1.10628028453
1.11462861423
1.12687847596
1.14146821823
1.16035294892
1.18228441481
1.21195254382
1.25385636796
1.30928563381
1.39485755615
1.51897867957
1.680488068
1.86554757447
2.0574452447
2.23507083147
2.36257848045
2.41152580941
2.39279525902
2.34541711413
2.30458795509
2.30663316763
2.37698166976
2.51486576345
2.67652170596
2.78708415129
2.78708414901
2.67652169966
2.51486575365
2.37698165814
2.3066331557
2.30458794202
2.34541709802
2.39279525557
2.41152583915
2.3625784918
2.23507084879
2.05744525683
1.86554757983
1.68048807968
1.51897875458
1.39485768248
1.21767281865
1.17668470473
1.14465822703
1.12352473913
1.10825928655
1.0953987163
1.08573784709
1.07779476129
1.07258842423
1.0669563839
1.06298513067
1.05961274123
1.0573764123
1.0538283325
1.05395024517
1.05300154067
1.05300154069
1.05395024525
1.0538283326
1.05737641246
1.05961274138
1.06298513188
1.06695637354
1.07258854221
1.07779473084
1.08573780755
1.09539868392
1.10825926119
1.1235247182
1.14465820882
1.17668467538
1.21767287969
1.28294877659
1.38295552531
1.52466845543
1.70045424617
1.89535385562
2.08881788537
2.24648942445
2.3295480375
2.33443929044
2.29883213308
2.26424800944
2.26616647332
2.33318287578
2.46697370559
2.6248042919
2.73288486452
2.73288486192
2.62480428484
2.46697369493
2.33318286314
2.2661664596
2.26424799466
2.29883211879
2.33443929145
2.3295480765
2.24648943302
2.08881790031
1.89535386801
1.70045425918
1.52466848771
1.38295559062
1.28294881229
)
;

boundaryField
{
    DIRICHLETINLET
    {
        type            fixedValue;
        value           uniform 1;
    }
    OUTFLOW
    {
        type            fixedValue;
        value           uniform 1;
    }
    PERIODIC
    {
        type            empty;
    }
    WALL
    {
        type            fixedValue;
        value           uniform 1;
    }
}


// ************************************************************************* //
