/*--------------------------------*- C++ -*----------------------------------*\
| =========                 |                                                 |
| \\      /  F ield         | OpenFOAM: The Open Source CFD Toolbox           |
|  \\    /   O peration     | Version:  2.4.0                                 |
|   \\  /    A nd           | Web:      www.OpenFOAM.org                      |
|    \\/     M anipulation  |                                                 |
\*---------------------------------------------------------------------------*/
FoamFile
{
    version     2.0;
    format      ascii;
    class       labelList;
    note        "nPoints: 1974 nCells: 1940 nFaces: 6806 nInternalFaces: 2894";
    location    "constant/polyMesh";
    object      neighbour;
}
// * * * * * * * * * * * * * * * * * * * * * * * * * * * * * * * * * * * * * //


2894
(
10
91
147
10
132
153
241
271
273
82
271
274
5
157
211
189
311
10
68
133
15
89
148
12
93
135
60
94
131
90
132
133
94
109
26
66
115
125
148
149
88
315
65
93
186
57
60
61
71
128
315
40
125
151
38
110
175
29
98
121
28
105
177
74
101
106
36
74
145
79
105
137
72
109
39
115
179
98
101
171
175
32
102
165
34
112
123
80
158
76
143
165
103
170
37
118
123
78
137
167
170
121
179
72
110
128
138
45
70
163
44
76
161
80
127
162
127
163
116
138
47
343
419
199
275
62
242
302
59
62
303
82
249
276
245
249
273
53
61
245
250
272
63
243
248
153
156
247
64
185
186
187
249
59
84
311
188
93
184
156
91
153
83
200
92
130
94
197
131
197
218
147
148
147
149
284
128
150
146
152
140
110
141
178
105
78
168
180
80
139
163
164
170
104
172
102
122
144
273
187
287
132
156
188
189
208
87
89
154
90
313
146
154
133
155
259
135
269
135
181
320
97
129
138
159
223
120
141
174
175
106
176
263
171
123
168
169
177
295
136
120
177
236
134
197
237
181
121
173
253
160
165
143
160
301
179
183
253
134
127
159
159
162
306
119
144
166
317
173
158
318
149
151
286
315
143
161
227
151
289
185
196
184
183
145
224
167
161
310
178
182
291
158
162
222
225
180
239
152
164
234
240
157
210
311
169
221
167
172
229
232
176
230
294
176
228
226
299
182
322
281
219
251
187
209
316
242
337
439
337
359
582
193
354
358
271
335
215
396
412
215
251
395
215
288
278
357
420
278
333
214
277
202
214
453
203
277
340
393
391
394
461
312
391
423
207
342
418
511
533
244
426
270
304
216
461
266
312
274
275
419
246
278
287
251
313
386
269
320
427
252
279
250
279
259
284
401
233
262
261
307
257
290
293
298
267
308
268
323
264
309
256
292
231
265
255
296
299
406
265
300
310
411
262
319
286
289
459
260
297
252
280
253
254
283
314
319
258
314
282
422
303
247
438
305
361
282
277
454
302
259
365
421
389
281
428
295
431
291
366
289
378
313
385
295
373
306
381
379
292
293
301
408
372
316
392
317
369
291
448
288
303
353
282
351
354
276
287
390
281
370
294
382
285
286
433
412
306
462
384
447
297
317
444
457
299
374
301
455
364
345
426
316
424
318
450
318
367
310
375
461
377
441
321
322
437
323
371
425
499
571
361
425
572
327
344
360
499
598
504
535
566
362
511
535
496
498
580
443
496
581
357
503
531
343
415
358
504
567
417
422
359
497
593
353
346
509
573
346
424
592
355
579
579
587
647
362
419
418
425
426
360
580
361
352
364
512
512
584
710
416
506
574
351
416
562
363
438
584
443
566
453
587
395
396
577
415
417
439
570
566
421
495
439
398
435
383
403
368
445
450
480
410
445
400
432
413
442
451
452
404
430
405
449
456
465
408
455
481
409
466
402
460
440
464
431
444
551
407
463
399
458
448
544
403
446
466
749
394
749
412
427
556
401
433
575
397
400
397
429
596
414
423
454
470
468
453
578
485
401
586
428
474
557
459
483
473
431
475
447
476
449
451
462
472
456
441
594
444
484
464
465
437
552
424
471
532
422
568
534
454
600
429
589
436
432
494
457
487
479
434
459
538
438
583
437
576
441
477
448
488
580
550
447
547
554
463
489
455
526
529
458
597
462
540
559
543
482
491
577
578
713
507
595
599
600
653
500
599
501
591
528
541
520
545
478
515
486
516
523
548
519
563
597
607
515
555
524
560
536
569
537
542
527
539
522
549
513
558
551
698
516
546
521
553
525
565
538
575
725
530
564
556
576
712
583
586
745
502
513
502
561
664
512
687
570
656
732
579
646
590
735
626
600
699
718
577
587
729
562
636
596
628
532
534
650
572
638
530
595
749
696
625
556
578
727
619
603
575
586
726
552
576
612
543
703
544
620
544
691
551
611
547
602
550
728
554
604
565
569
538
616
540
617
536
537
609
532
651
534
695
717
608
671
540
705
559
707
543
613
547
674
597
731
554
743
550
601
553
615
557
723
558
621
560
624
562
635
594
622
594
720
606
568
645
574
747
598
572
639
592
649
644
582
733
593
585
585
709
589
596
632
590
736
592
648
711
627
655
654
610
675
700
742
673
701
605
748
743
1025
681
748
618
740
668
746
688
721
728
1252
675
697
614
692
702
730
712
1100
676
692
669
724
670
706
731
1019
677
740
672
693
678
722
680
704
725
726
1110
679
716
665
678
665
738
631
721
631
686
709
745
1053
713
727
943
1097
686
739
655
732
1102
687
710
985
738
741
682
741
717
718
976
734
737
660
737
664
733
1104
735
736
1008
695
696
978
653
699
995
682
719
667
719
685
714
685
715
666
689
689
734
658
690
690
694
687
711
999
663
663
714
661
661
662
713
729
1057
695
982
696
717
988
732
1143
1015
664
1014
1005
941
735
1194
718
996
671
1028
705
1022
705
1032
730
691
1042
698
1127
693
700
1250
691
1020
723
1038
969
707
1224
703
1034
747
1036
991
712
727
942
726
745
966
1148
1050
720
1177
1001
1012
1021
1179
699
972
698
1046
1016
731
1204
703
1035
720
1040
707
1120
709
710
1138
744
1007
729
1106
728
1048
987
1197
723
1109
725
1023
1170
744
971
739
992
964
980
1168
1054
743
1114
1002
747
1031
1024
856
857
869
869
907
1160
858
940
1216
858
859
866
755
862
863
854
960
757
864
1260
861
865
960
1218
1220
878
937
1220
865
1261
1264
880
1125
1264
867
891
1163
867
909
965
877
926
1205
877
918
1206
898
918
1041
898
922
1096
879
921
956
872
956
1033
896
916
1163
896
1018
1164
773
911
1283
881
892
775
932
1124
882
1180
895
922
1175
895
899
1030
779
935
1049
873
900
953
1018
1203
897
915
953
783
930
1045
870
1225
888
915
1026
886
888
1047
948
1183
1185
874
929
1185
951
1030
1173
913
951
1029
889
946
1045
889
1047
1254
875
913
1187
875
884
929
902
1058
1103
844
849
1277
840
1134
1274
825
997
1212
983
1013
1239
979
1086
1137
811
1088
1258
977
1141
1280
834
974
1064
847
1062
1237
993
1070
1081
808
970
1272
836
1074
1190
820
904
1154
993
1270
853
1144
1273
842
989
1257
977
1256
830
973
1234
839
1235
1266
1010
1092
1281
833
852
1009
846
1146
1238
831
1267
1285
850
1066
1139
837
1131
1189
1074
1078
845
1227
1276
906
1133
1158
832
857
906
859
1211
1212
1274
1275
827
855
1221
851
984
829
1056
1101
1244
1265
1241
1267
973
1061
981
1068
1092
1196
975
1265
974
1107
1157
904
1003
1066
1105
1086
1259
1266
1013
1240
986
1280
1073
1088
1134
979
1282
983
989
1077
1058
1155
1078
1103
1004
1237
1091
1146
903
1272
1277
1070
1232
1189
1191
1052
1226
1010
1193
1270
1281
924
1208
967
1084
868
1160
1162
965
1082
944
1056
1260
939
1156
924
967
1121
1220
945
1264
938
940
1055
890
959
1205
1051
901
1253
889
1249
1253
900
1251
934
1033
884
949
912
958
1041
1206
927
956
1219
920
937
892
1263
910
1125
893
1017
1017
1184
1185
1037
1029
1037
1172
1026
1254
897
1026
1202
914
916
962
909
1165
1043
1043
1115
899
950
1173
923
1167
1203
919
1175
954
954
957
1277
1278
992
1143
1105
1014
1015
1078
1051
1097
1197
1038
1109
1163
1216
1020
1021
1043
1180
1024
1025
1037
1046
1127
1229
1164
1018
1019
1168
1122
1034
1035
1022
1023
1033
1222
1113
1028
1170
1221
1053
1138
1221
1160
1198
1040
1177
948
1016
1114
1183
1048
1252
946
1044
1047
948
1017
1042
1179
1180
1032
1120
954
1225
960
966
1110
1218
942
1100
942
943
968
968
1217
1268
1098
1247
1098
1099
1129
1126
1228
1254
1117
1186
1112
1169
1116
1039
1108
1166
1027
1048
1224
1225
1128
1248
1094
1176
1094
1095
1121
1219
1770
1108
1215
965
1118
1215
968
1119
1208
1111
1165
1217
971
992
1000
1151
1241
1235
1062
1106
1148
1141
1284
1257
1137
1282
983
1133
1159
1009
1158
1137
1259
985
1138
998
987
996
990
1282
1284
1256
991
1274
1214
1144
995
1005
1238
1241
1141
1072
1134
999
1226
1131
1001
1270
1011
1131
1201
1066
1199
1005
1007
1007
1064
1148
1153
1159
1069
1273
1194
1281
1151
1259
1086
1154
1233
1124
1027
1283
1262
1222
1210
1187
1182
1204
1171
1173
1171
1116
1171
1222
1122
1113
1116
1187
1167
1164
1203
1122
1096
1283
1046
1250
1253
1120
1224
1133
1161
1161
1084
1191
1208
1119
1214
1119
1211
1246
1244
1268
1276
1155
1231
1809
1147
1150
1235
1147
1236
1243
1157
1245
1799
1237
1157
1243
1801
1139
1188
1919
1132
1195
1152
1195
1272
1155
1232
1810
1213
1279
1140
1279
1227
1190
1199
1856
1089
1255
1256
1136
1255
1190
1200
1813
1144
1269
1271
1142
1269
1118
1135
1135
1212
1213
1207
1111
1207
1917
1239
1240
1804
1280
1258
1899
1149
1236
1285
1149
1242
1153
1145
1193
1897
1787
1162
1932
1174
1161
1927
1263
1922
1262
1156
1268
1233
1278
1233
1154
1201
1201
1244
1246
1265
1908
1165
1210
1209
1123
1788
1170
1182
1178
1181
1184
1778
1773
1209
1174
1176
1179
1261
1202
1786
1229
1249
1930
1250
1252
1139
1199
1764
1162
1931
1904
1239
1800
1258
1905
1232
1878
1278
1271
1273
1285
1781
1802
1240
1928
1234
1193
1784
1194
1260
1196
1196
1202
1769
1168
1172
1758
1186
1175
1892
1198
1263
1774
1184
1777
1183
1887
1191
1192
1226
1207
1918
1868
1198
1227
1230
1229
1206
1916
1218
1275
1889
1275
1907
1217
1223
1251
1934
1249
1912
1231
1808
1276
1266
1921
1267
1243
1795
1246
1247
1775
1251
1933
1898
1284
1262
1812
1783
1798
1287
1602
1657
1288
1638
1289
1633
1846
1881
1291
1391
1486
1389
1398
1311
1359
1486
1346
1539
1686
1339
1408
1539
1296
1379
1528
1344
1352
1310
1397
1528
1299
1368
1484
1300
1450
1549
1726
1302
1343
1454
1453
1524
1491
1517
1519
1324
1495
1517
1474
1531
1532
1493
1529
1531
1308
1371
1530
1353
1357
1310
1365
1725
1487
1356
1718
1360
1486
1618
1314
1642
1736
1468
1734
1396
1461
1518
1344
1396
1516
1443
1525
1533
1497
1533
1535
1470
1506
1562
1506
1695
1696
1322
1606
1607
1604
1634
1353
1394
1519
1492
1519
1349
1355
1373
1330
1354
1378
1358
1403
1538
1403
1532
1596
1354
1392
1426
1395
1498
1428
1576
1702
1338
1460
1702
1437
1438
1488
1423
1488
1560
1349
1534
1535
1349
1442
1496
1435
1466
1667
1644
1667
1409
1419
1424
1425
1478
1383
1453
1515
1348
1442
1454
1418
1523
1492
1413
1438
1462
1382
1392
1382
1631
1686
1510
1522
1351
1411
1416
1357
1394
1380
1416
1372
1355
1393
1391
1598
1494
1473
1494
1431
1618
1406
1463
1362
1733
1750
1536
1739
1476
1566
1649
1452
1476
1566
1396
1528
1436
1487
1509
1450
1611
1727
1606
1611
1370
1502
1598
1503
1595
1494
1538
1491
1526
1378
1534
1497
1499
1534
1384
1387
1424
1387
1478
1489
1378
1536
1590
1386
1416
1394
1492
1551
1568
1686
1427
1454
1520
1629
1712
1386
1397
1691
1412
1388
1404
1709
1399
1677
1391
1399
1403
1498
1414
1419
1536
1537
1413
1406
1720
1402
1402
1473
1679
1555
1679
1831
1721
1672
1710
1648
1706
1710
1643
1643
1668
1736
1685
1738
1680
1738
1417
1679
1745
1417
1722
1675
1692
1508
1415
1496
1680
1714
1473
1442
1525
1426
1472
1653
1716
1472
1562
1697
1552
1560
1674
1450
1726
1520
1515
1521
1539
1500
1582
1623
1861
1433
1434
1572
1463
1618
1734
1485
1724
1460
1644
1645
1435
1702
1576
1620
1703
1689
1725
1462
1627
1641
1449
1627
1728
1475
1574
1665
1475
1609
1637
1523
1545
1580
1759
1884
1501
1698
1715
1500
1512
1631
1448
1580
1603
1658
1882
1488
1727
1476
1706
1709
1490
1742
1541
1468
1642
1654
1564
1573
1619
1574
1610
1761
1479
1602
1637
1563
1576
1695
1861
1516
1546
1487
1736
1564
1570
1737
1466
1642
1705
1654
1619
1669
1703
1564
1507
1653
1696
1624
1697
1569
1697
1715
1513
1503
1752
1650
1558
1673
1867
1673
1633
1743
1638
1658
1884
1578
1603
1882
1635
1639
1818
1639
1661
1766
1607
1821
1718
1719
1558
1664
1664
1707
1700
1530
1748
1516
1730
1511
1544
1682
1589
1590
1583
1505
1631
1571
1718
1596
1550
1568
1716
1568
1698
1666
1623
1693
1553
1641
1557
1627
1520
1629
1522
1729
1670
1715
1698
1716
1522
1554
1629
1756
1592
1725
1915
1559
1673
1524
1757
1535
1527
1911
1530
1547
1532
1538
1548
1687
1682
1717
1541
1756
1895
1894
1700
1780
1911
1544
1687
1751
1740
1588
1741
1584
1731
1586
1699
1591
1746
1640
1663
1647
1681
1681
1685
1640
1726
1674
1690
1678
1711
1721
1832
1677
1720
1859
1626
1744
1707
1587
1713
1641
1612
1662
1727
1696
1615
1616
1625
1676
1724
1650
1628
1707
1708
1621
1622
1724
1734
1597
1723
1577
1703
1617
1735
1637
1613
1614
1650
1704
1732
1634
1885
1599
1600
1603
1877
1601
1656
1759
1682
1684
1630
1683
1730
1935
1689
1785
1915
1910
1911
1789
1867
1687
1890
1688
1740
1733
1752
1753
1594
1701
1684
1717
1938
1700
1779
1723
1747
1598
1719
1803
1767
1885
1854
1877
1610
1760
1761
1660
1814
1611
1662
1901
1608
1766
1660
1901
1649
1743
1876
1728
1806
1665
1762
1742
1939
1666
1929
1620
1805
1737
1792
1654
1704
1670
1865
1624
1862
1695
1694
1719
1797
1728
1791
1794
1867
1670
1866
1635
1817
1857
1636
1766
1658
1651
1841
1817
1882
1827
1835
1924
1652
1844
1647
1653
1671
1829
1651
1840
1706
1743
1671
1693
1667
1705
1925
1877
1880
1811
1884
1661
1818
1886
1765
1821
1903
1821
1902
1709
1876
1694
1705
1926
1732
1735
1937
1712
1872
1828
1691
1820
1737
1793
1721
1729
1920
1838
1830
1684
1923
1853
1733
1888
1744
1691
1819
1722
1825
1861
1782
1748
1909
1730
1771
1871
1742
1796
1843
1712
1873
1756
1896
1729
1839
1739
1834
1745
1807
1754
1915
1870
1790
1864
1772
1776
1757
1891
1749
1900
1748
1768
1752
1906
1916
1917
1774
1922
1778
1887
1773
1907
1770
1934
1788
1892
1894
1894
1890
1891
1811
1812
1878
1811
1783
1897
1764
1856
1901
1903
1813
1856
1808
1809
1907
1908
1909
1910
1785
1930
1933
1922
1927
1906
1888
1923
1938
1777
1778
1888
1912
1930
1786
1912
1805
1929
1802
1921
1879
1796
1939
1916
1910
1895
1896
1891
1931
1932
1800
1898
1917
1918
1898
1899
1899
1905
1868
1931
1862
1865
1868
1798
1905
1803
1866
1923
1870
1865
1866
1862
1889
1870
1871
1928
1918
1919
1889
1904
1883
1854
1854
1880
1879
1883
1883
1885
1843
1872
1853
1864
1881
1857
1824
1869
1824
1855
1827
1902
1831
1900
1855
1893
1829
1937
1850
1850
1869
1863
1848
1863
1860
1849
1860
1925
1926
1836
1852
1852
1858
1859
1873
1920
1851
1913
1851
1914
1874
1875
1846
1875
1844
1924
1874
1936
1924
1925
1872
1873
1853
1859
1926
1913
1928
1879
1880
1902
1890
1895
1900
1932
1939
1919
1906
1909
1920
1929
1938
1935
1935
1937
)


// ************************************************************************* //
