/*--------------------------------*- C++ -*----------------------------------*\
| =========                 |                                                 |
| \\      /  F ield         | OpenFOAM: The Open Source CFD Toolbox           |
|  \\    /   O peration     | Version:  2.4.0                                 |
|   \\  /    A nd           | Web:      www.OpenFOAM.org                      |
|    \\/     M anipulation  |                                                 |
\*---------------------------------------------------------------------------*/
FoamFile
{
    version     2.0;
    format      ascii;
    class       vectorField;
    location    "constant/polyMesh";
    object      points;
}
// * * * * * * * * * * * * * * * * * * * * * * * * * * * * * * * * * * * * * //


1974
(
(-6.98693 0 0)
(-6.82052572461 -1.68953096124 0)
(-6.32770772143 -3.31413419514 0)
(-5.52741470994 -4.81137711051 0)
(-4.45040150177 -6.12372150177 0)
(-3.13805711051 -7.20073470994 0)
(-1.64081419514 -8.00102772143 0)
(-0.0162109612402 -8.49384572461 0)
(1.67332 -8.66025 0)
(3.36285096124 -8.49384572461 0)
(4.98745419514 -8.00102772143 0)
(6.48469711051 -7.20073470994 0)
(7.79704150177 -6.12372150177 0)
(8.87405470994 -4.81137711051 0)
(9.67434772143 -3.31413419514 0)
(10.1671657246 -1.68953096124 0)
(10.33357 -1.06057474423e-15 0)
(10.1671657246 1.68953096124 0)
(9.67434772143 3.31413419514 0)
(8.87405470994 4.81137711051 0)
(7.79704150177 6.12372150177 0)
(6.48469711051 7.20073470994 0)
(4.98745419514 8.00102772143 0)
(3.36285096124 8.49384572461 0)
(1.67332 8.66025 0)
(-0.0162109612402 8.49384572461 0)
(-1.64081419514 8.00102772143 0)
(-3.13805711051 7.20073470994 0)
(-4.45040150177 6.12372150177 0)
(-5.52741470994 4.81137711051 0)
(-6.32770772143 3.31413419514 0)
(-6.82052572461 1.68953096124 0)
(3.95959050581 -0.23125207369 0)
(3.83117137483 -0.148805961575 0)
(3.80156338643 -0.32149097361 0)
(4.1045761537 -0.158835271767 0)
(3.94088228117 -0.0512941463876 0)
(-0.0710124678286 -0.338769495481 0)
(-0.194180838158 -0.300621969401 0)
(-0.200978787226 -0.435358723671 0)
(-0.287705426216 -0.179420436122 0)
(-0.325137684109 -0.359044477245 0)
(4.24967277168 0.189134213918 0)
(4.3594075963 0.271315622728 0)
(4.18701005226 0.341093180892 0)
(4.35719750571 0.0611183850171 0)
(3.76823905477 -0.00147956175331 0)
(3.68112318946 0.164086281903 0)
(3.58253623264 0.00883263400936 0)
(0.301820889477 0.181910446273 0)
(0.397803862053 0.00312605151151 0)
(0.499260754392 0.157966978566 0)
(0.29394654698 -0.165873731816 0)
(0.501204249518 -0.161970108426 0)
(4.11542106322 0.0891659852571 0)
(3.87681469269 0.142678003746 0)
(0.598960428276 -0.00934473265793 0)
(0.6985331806 -0.162876343808 0)
(0.797423170618 -0.00488901747631 0)
(3.67567087769 -0.156411338236 0)
(3.48482950316 -0.151237061112 0)
(3.48467463562 0.164477874702 0)
(0.118673633556 0.223519694427 0)
(0.159847946353 0.0179838610669 0)
(0.0610889609099 -0.208024269267 0)
(3.28654473651 0.162513889226 0)
(3.38567698845 0.00286023232095 0)
(3.28649715861 -0.159016078613 0)
(1.19522857143 0.00441186099388 0)
(1.09562619048 0.153540680222 0)
(0.996023809524 -0.008493620452 0)
(1.29483095238 -0.155063898908 0)
(1.39443333333 -0.00231432760522 0)
(1.69324047619 -0.15865039708 0)
(1.59363809524 -0.00120023984465 0)
(1.49403571429 -0.15887359829 0)
(1.69324047619 0.156306563198 0)
(1.49403571429 0.161722665888 0)
(1.79284285714 -0.00539234517929 0)
(1.8924452381 0.158522944706 0)
(1.8924452381 -0.161725290365 0)
(0.697749852532 0.156936586308 0)
(0.89681171642 -0.165816224225 0)
(1.29483095238 0.156408304377 0)
(2.39045714286 -0.00568062230371 0)
(2.49005952381 -0.155057197664 0)
(2.58966190476 0.00694854880914 0)
(2.2908547619 0.152593909838 0)
(2.19125238095 4.85722573274e-17 0)
(2.68926293655 -0.159773148236 0)
(2.68926186225 0.158056421511 0)
(2.4900591199 0.160082078101 0)
(2.09165 0.152340953415 0)
(2.09165 -0.157887691726 0)
(2.2908547619 -0.161199953741 0)
(1.99204761905 -0.00069171394961 0)
(1.09564297167 -0.160581831499 0)
(0.896421428571 0.149312078665 0)
(3.18708655734 -0.000840757927346 0)
(3.08757462994 0.162203889997 0)
(2.98802285881 0.0036275191598 0)
(2.78886666667 -0.00625036936229 0)
(2.88844600797 0.159348478774 0)
(2.88846095266 -0.155705660449 0)
(3.08763275988 -0.156304674209 0)
(-0.442212353156 -0.116152310922 0)
(-0.517646365584 -0.0231653091835 0)
(-0.582415675279 -0.138798732065 0)
(-0.356765751897 0.0295190889802 0)
(4.38122266979 -0.422802040825 0)
(4.36491095291 -0.27022488645 0)
(4.24105047991 -0.30519318926 0)
(4.45020795305 -0.157260294456 0)
(4.26355717019 -0.122394638299 0)
(-0.11552943752 -0.208473013459 0)
(-0.102835202145 -0.0273951682909 0)
(0.0516186231644 -0.388553365259 0)
(0.207281331807 -0.350893382636 0)
(0.123204232806 -0.523063533112 0)
(4.0538448619 -0.528939737413 0)
(4.09502588094 -0.352846281188 0)
(3.95814837454 -0.390930466403 0)
(-0.046337241532 0.296852083973 0)
(-0.0109991318723 0.139791149298 0)
(-0.205907386729 0.200782486505 0)
(0.229527911208 0.352947303396 0)
(0.399952581135 -0.337608534132 0)
(0.598622938383 -0.335203440444 0)
(3.58568571429 -0.324287105376 0)
(3.38648095238 0.324287105376 0)
(0.996023809524 0.324287105376 0)
(1.99204761905 0.324287105376 0)
(2.98807142857 0.324287105376 0)
(1.79284285714 -0.324287105376 0)
(2.39045714286 -0.324287105376 0)
(4.58158396908 -0.0220232206454 0)
(4.53838546684 0.187249234073 0)
(3.78168254272 0.322249441263 0)
(3.98048120498 0.319695424883 0)
(3.58568571429 0.324287105376 0)
(0.405811229302 0.335918788667 0)
(0.597614285714 0.324287105376 0)
(3.18727619048 -0.324287105376 0)
(2.98807142857 -0.324287105376 0)
(1.19522857143 0.324287105376 0)
(1.39443333333 0.324287105376 0)
(1.59363809524 0.324287105376 0)
(2.19125238095 0.324287105376 0)
(1.59363809524 -0.324287105376 0)
(1.39443333333 -0.324287105376 0)
(0.797223356581 -0.333769426738 0)
(1.19522857143 -0.324287105376 0)
(2.58966190476 0.324287105376 0)
(2.39045714286 0.324287105376 0)
(0.996159039191 -0.334822189794 0)
(2.78886666667 -0.324287105376 0)
(2.19125238095 -0.324287105376 0)
(1.99204761905 -0.324287105376 0)
(2.58966190476 -0.324287105376 0)
(3.38648095238 -0.324287105376 0)
(2.78886666667 0.324287105376 0)
(0.0723124245403 0.399848217202 0)
(1.79284285714 0.324287105376 0)
(0.796819047619 0.324287105376 0)
(3.18727619048 0.324287105376 0)
(4.51231173182 -0.493919927736 0)
(4.49922816465 -0.343141911366 0)
(4.5871598485 -0.602867724627 0)
(4.65722213605 -0.46842847661 0)
(-0.333319584165 -0.499641802668 0)
(-0.48253918947 -0.479967970447 0)
(0.0415620490615 0.568131854918 0)
(0.166770810635 0.490936153019 0)
(0.187642885073 0.67419507479 0)
(-0.0763226156869 0.466702213477 0)
(-0.636989326594 0.26727532907 0)
(-0.552260108216 0.108417226209 0)
(-0.429239512052 0.235794483255 0)
(-0.175613536477 0.368808513138 0)
(-0.226577240012 0.514073082469 0)
(-0.325923793227 0.386316077539 0)
(-0.389294527278 0.572667663232 0)
(4.06164773145 0.516107868146 0)
(4.20649869721 0.535327184299 0)
(4.15332065549 0.695717602272 0)
(4.34882283652 0.469849586211 0)
(4.3188795839 0.667666133831 0)
(-0.727634605456 -0.150891576054 0)
(-0.660975232076 -0.268386647669 0)
(-0.837785643284 -0.254139496464 0)
(4.7385871967 0.114423274241 0)
(4.64889938014 -0.245886724095 0)
(-0.477276716529 -0.273775202519 0)
(3.88164283197 0.510387601075 0)
(0.498011904762 0.512239275462 0)
(0.311661857086 0.506004919463 0)
(0.498011904762 -0.512239275462 0)
(0.304821088134 -0.520452347626 0)
(3.68528809524 -0.512239275462 0)
(3.87612868807 -0.526146818794 0)
(3.08767380952 0.512239275462 0)
(2.68926428571 -0.512239275462 0)
(3.08767380952 -0.512239275462 0)
(1.69324047619 0.512239275462 0)
(2.2908547619 -0.512239275462 0)
(0.896421428571 0.512239275462 0)
(2.68926428571 0.512239275462 0)
(1.29483095238 0.512239275462 0)
(2.09165 0.512239275462 0)
(1.8924452381 -0.512239275462 0)
(1.8924452381 0.512239275462 0)
(2.2908547619 0.512239275462 0)
(2.88846904762 0.512239275462 0)
(3.28687857143 0.512239275462 0)
(3.28687857143 -0.512239275462 0)
(3.48608333333 -0.512239275462 0)
(1.49403571429 -0.512239275462 0)
(0.697216666667 -0.512239275462 0)
(1.09562619048 -0.512239275462 0)
(3.48608333333 0.512239275462 0)
(3.68528809524 0.512239275462 0)
(-0.0648561512332 -0.531258030056 0)
(4.24338756402 -0.516214136634 0)
(4.68226600913 0.309705149046 0)
(0.896421428571 -0.512239275462 0)
(1.69324047619 -0.512239275462 0)
(1.09562619048 0.512239275462 0)
(2.88846904762 -0.512239275462 0)
(1.49403571429 0.512239275462 0)
(2.49005952381 0.512239275462 0)
(4.51127052412 0.388956194048 0)
(2.09165 -0.512239275462 0)
(1.29483095238 -0.512239275462 0)
(4.76844582941 -0.0894932925961 0)
(2.49005952381 -0.512239275462 0)
(0.697216666667 0.512239275462 0)
(5.05456798327 0.0858124063723 0)
(4.91266450703 0.146632442061 0)
(4.90067322859 0.00542500289039 0)
(4.84840848332 0.273362030338 0)
(4.91481885823 -0.135377160356 0)
(5.05456798327 -0.0858124063723 0)
(-0.612302270156 -0.397075785219 0)
(-0.676758033656 -0.555400964744 0)
(-0.772107670864 -0.41270014823 0)
(4.84024176805 -0.252512156714 0)
(4.78876620542 -0.384560182866 0)
(4.95540767086 -0.41270014823 0)
(4.85529742109 -0.546555414708 0)
(-0.837785643284 0.254139496464 0)
(-0.711527624613 0.142410357909 0)
(-0.685728493372 -0.00732059770164 0)
(-0.555400964744 -0.676758033656 0)
(-0.407608459626 -0.609889118997 0)
(-0.254082411522 -0.620970117349 0)
(4.44049051017 -0.619989484881 0)
(4.59600014823 -0.772107670864 0)
(4.7964865959 0.406330100469 0)
(4.95540767086 0.41270014823 0)
(4.67267730522 0.490199967164 0)
(-0.274410365721 0.669249934452 0)
(-0.254139496464 0.837785643284 0)
(-0.41270014823 0.772107670864 0)
(4.30994454553 -0.710123761885 0)
(4.26057625636 -0.872473115612 0)
(4.43743949646 -0.837785643284 0)
(-0.12661447978 -0.711435369159 0)
(-0.254139496464 -0.837785643284 0)
(0.0238722317542 -0.700655606358 0)
(4.15885137619 -0.700880211622 0)
(-0.122867835472 0.662192552179 0)
(0.0220034618017 0.733256689047 0)
(0.202066954483 -0.698717914864 0)
(3.9730369341 -0.703089014326 0)
(1.19522857143 0.700191445549 0)
(2.39045714286 -0.700191445549 0)
(2.58966190476 -0.700191445549 0)
(2.19125238095 -0.700191445549 0)
(0.796819047619 -0.700191445549 0)
(0.796819047619 0.700191445549 0)
(2.19125238095 0.700191445549 0)
(1.59363809524 -0.700191445549 0)
(1.79284285714 0.700191445549 0)
(2.78886666667 0.700191445549 0)
(2.58966190476 0.700191445549 0)
(2.39045714286 0.700191445549 0)
(3.58568571429 0.700191445549 0)
(3.18727619048 -0.700191445549 0)
(3.18727619048 0.700191445549 0)
(1.79284285714 -0.700191445549 0)
(1.99204761905 -0.700191445549 0)
(2.78886666667 -0.700191445549 0)
(1.19522857143 -0.700191445549 0)
(0.996023809524 0.700191445549 0)
(1.39443333333 0.700191445549 0)
(3.78489047619 0.700191445549 0)
(3.98123304552 0.698717914864 0)
(0.39840952381 0.700191445549 0)
(3.58568571429 -0.700191445549 0)
(3.78489047619 -0.700191445549 0)
(0.597614285714 -0.700191445549 0)
(0.39840952381 -0.700191445549 0)
(4.50987056533 0.614739201467 0)
(-0.53973221626 0.442089785359 0)
(0.996023809524 -0.700191445549 0)
(3.38648095238 -0.700191445549 0)
(1.59363809524 0.700191445549 0)
(1.99204761905 0.700191445549 0)
(2.98807142857 -0.700191445549 0)
(3.38648095238 0.700191445549 0)
(2.98807142857 0.700191445549 0)
(0.597614285714 0.700191445549 0)
(1.39443333333 -0.700191445549 0)
(0.0996023809524 0.885109361371 0)
(-0.0770543316885 0.869880660232 0)
(4.07464468024 0.877969493469 0)
(-0.695088870321 0.570444693613 0)
(-0.760783647851 0.420484509028 0)
(-0.562156160469 0.66358185485 0)
(4.72469398727 0.679620709907 0)
(2.88846904762 -0.888143615636 0)
(1.29483095238 0.888143615636 0)
(1.09562619048 -0.888143615636 0)
(1.69324047619 -0.888143615636 0)
(1.69324047619 0.888143615636 0)
(3.28687857143 0.888143615636 0)
(1.29483095238 -0.888143615636 0)
(0.896421428571 -0.888143615636 0)
(2.49005952381 -0.888143615636 0)
(2.49005952381 0.888143615636 0)
(2.88846904762 0.888143615636 0)
(3.28687857143 -0.888143615636 0)
(2.09165 -0.888143615636 0)
(0.498011904762 -0.888143615636 0)
(1.8924452381 -0.888143615636 0)
(1.49403571429 -0.888143615636 0)
(0.896421428571 0.888143615636 0)
(2.09165 0.888143615636 0)
(3.48608333333 -0.888143615636 0)
(3.68528809524 -0.888143615636 0)
(3.68528809524 0.888143615636 0)
(0.498011904762 0.888143615636 0)
(0.296880163385 0.878159916224 0)
(3.88449285714 -0.888143615636 0)
(4.07542479555 -0.880255809622 0)
(0.298807142857 -0.888143615636 0)
(0.107763963375 -0.880248569912 0)
(5.02108564328 -0.254139496464 0)
(4.60667920223 0.793292535174 0)
(-0.0773673107479 -0.872654282614 0)
(4.26142628519 0.863917828042 0)
(-0.871267983268 -0.0858124063723 0)
(-0.871267983268 0.0858124063723 0)
(5.02108564328 0.254139496464 0)
(3.88449285714 0.888143615636 0)
(0.697216666667 0.888143615636 0)
(3.08767380952 0.888143615636 0)
(1.09562619048 0.888143615636 0)
(1.49403571429 0.888143615636 0)
(2.2908547619 -0.888143615636 0)
(1.8924452381 0.888143615636 0)
(2.2908547619 0.888143615636 0)
(3.08767380952 -0.888143615636 0)
(2.68926428571 0.888143615636 0)
(2.68926428571 -0.888143615636 0)
(0.697216666667 -0.888143615636 0)
(3.48608333333 0.888143615636 0)
(-0.41270014823 -0.772107670864 0)
(4.86005803366 0.555400964744 0)
(4.73870096474 -0.676758033656 0)
(4.44621999919 0.829389019887 0)
(2.19125238095 -1.06066 0)
(1.59363809524 1.06066 0)
(1.59363809524 -1.06066 0)
(1.99204761905 1.06066 0)
(1.79284285714 1.06066 0)
(2.19125238095 1.06066 0)
(1.19522857143 -1.06066 0)
(2.58966190476 1.06066 0)
(3.78489047619 1.06066 0)
(2.39045714286 -1.06066 0)
(1.99204761905 -1.06066 0)
(0.597614285714 1.06066 0)
(2.98807142857 1.06066 0)
(0.39840952381 1.06066 0)
(0.796819047619 1.06066 0)
(3.38648095238 -1.06066 0)
(2.98807142857 -1.06066 0)
(1.39443333333 -1.06066 0)
(0.996023809524 -1.06066 0)
(1.19522857143 1.06066 0)
(0.597614285714 -1.06066 0)
(3.38648095238 1.06066 0)
(3.58568571429 -1.06066 0)
(3.78489047619 -1.06066 0)
(2.58966190476 -1.06066 0)
(0.39840952381 -1.06066 0)
(0.199204761905 -1.06066 0)
(3.9840952381 1.06066 0)
(4.1833 1.06066 0)
(3.9840952381 -1.06066 0)
(4.1833 -1.06066 0)
(0.199204761905 1.06066 0)
(1.13689540374e-15 1.06066 0)
(4.39022450095 1.04027971551 0)
(5.22357971551 -0.20692450095 0)
(5.24396 -7.71488185679e-16 0)
(4.39022450095 -1.04027971551 0)
(4.58919700937 -0.979922064953 0)
(-3.00460524359e-16 -1.06066 0)
(-0.20692450095 -1.04027971551 0)
(-0.881906558985 -0.589271123355 0)
(-0.749999878533 -0.749999878533 0)
(5.16322206495 0.405897009372 0)
(5.22357971551 0.20692450095 0)
(4.93329987853 -0.749999878533 0)
(5.06520655898 -0.589271123355 0)
(4.77257112335 0.881906558985 0)
(4.58919700937 0.979922064953 0)
(-1.04027971551 -0.20692450095 0)
(-0.979922064953 -0.405897009372 0)
(-0.881906558985 0.589271123355 0)
(-0.979922064953 0.405897009372 0)
(-0.405897009372 -0.979922064953 0)
(-0.589271123355 -0.881906558985 0)
(-0.589271123355 0.881906558985 0)
(-0.405897009372 0.979922064953 0)
(4.93329987853 0.749999878533 0)
(5.06520655898 0.589271123355 0)
(-1.06066 0 0)
(-1.04027971551 0.20692450095 0)
(4.77257112335 -0.881906558985 0)
(-0.749999878533 0.749999878533 0)
(5.16322206495 -0.405897009372 0)
(-0.20692450095 1.04027971551 0)
(2.78886666667 1.06066 0)
(3.18727619048 -1.06066 0)
(0.996023809524 1.06066 0)
(1.79284285714 -1.06066 0)
(1.39443333333 1.06066 0)
(0.796819047619 -1.06066 0)
(2.78886666667 -1.06066 0)
(3.18727619048 1.06066 0)
(2.39045714286 1.06066 0)
(3.58568571429 1.06066 0)
(3.98925307567 1.43302574522 0)
(4.20005794006 1.47460332909 0)
(3.98391865867 1.72879838374 0)
(3.88581873969 1.25061655958 0)
(4.08878451485 1.24801014554 0)
(0.298153698148 -1.24835898838 0)
(0.203148343932 -1.42713638729 0)
(0.390545273527 -1.47231052 0)
(-0.0110624961274 -1.46516623717 0)
(0.202756800232 -1.72584153004 0)
(3.98267301611 -1.43787608756 0)
(3.79275472647 -1.47231052 0)
(3.9842036314 -1.73050962137 0)
(3.88617449721 -1.25267045735 0)
(0.200626983886 1.43787608756 0)
(0.390545273527 1.47231052 0)
(0.199439101965 1.73135093944 0)
(0.297119200168 1.25300410732 0)
(3.68893590735 -1.24830549792 0)
(3.5997083367 -1.4298496988 0)
(3.40479819521 -1.46979822243 0)
(3.61171552843 -1.73191354544 0)
(0.494326276928 1.25030739771 0)
(0.583364768991 1.4418610975 0)
(0.779462810623 1.47206248546 0)
(0.573983605095 1.73780277193 0)
(0.588378755387 -1.4324266126 0)
(0.778364906971 -1.48494061263 0)
(0.692601721504 -1.25083999899 0)
(0.577755025009 -1.73852916165 0)
(3.79275472647 1.47231052 0)
(3.5997372476 1.42992102085 0)
(3.68894072584 1.24831738493 0)
(3.40422814015 1.46915036998 0)
(3.49343003631 1.25357637292 0)
(3.20983479873 1.43676217982 0)
(3.29550743758 1.25274946176 0)
(3.01721376594 1.47709114191 0)
(3.09914121041 1.25608783641 0)
(3.29642458605 -1.25409954114 0)
(3.21444047619 -1.44357349855 0)
(3.01488722687 -1.47675182222 0)
(3.22278462219 -1.73158926953 0)
(0.973443827604 -1.43500461671 0)
(0.886987723577 -1.25779742863 0)
(1.16489467654 -1.48372675878 0)
(1.08467302824 -1.25467934347 0)
(0.973465201266 1.43676217982 0)
(0.887883013414 1.25324761949 0)
(1.08431054478 1.25616466731 0)
(1.36691354808 1.43829643619 0)
(1.28237106377 1.25653906394 0)
(1.47967154519 1.25725118737 0)
(1.16722456506 1.47763556987 0)
(2.82173491744 1.43677407492 0)
(2.90183946738 1.25607807856 0)
(2.63151523813 1.48505134575 0)
(2.7037431762 1.25600763638 0)
(2.81545101732 -1.43943356209 0)
(2.90054591533 -1.25644295256 0)
(2.70361493962 -1.25886575547 0)
(1.36224831908 -1.43533270768 0)
(1.28202585578 -1.25484830094 0)
(1.55204441798 -1.48452058134 0)
(1.47972404383 -1.25553395479 0)
(2.43048308612 -1.46131020162 0)
(2.50315740357 -1.26164916496 0)
(2.28192787098 -1.28875897479 0)
(2.62760283545 -1.48226412059 0)
(1.75242442558 -1.46040532227 0)
(1.68114914497 -1.25885405536 0)
(1.9088080729 -1.53525715823 0)
(1.90152508932 -1.28807628811 0)
(1.68027101455 1.26076272854 0)
(1.75290298846 1.46085712882 0)
(1.55656512933 1.47865297157 0)
(1.90847335646 1.535720371 0)
(1.71632994653 1.74612088522 0)
(2.43098557057 1.46167384865 0)
(2.50221128257 1.25972401324 0)
(2.27454120556 1.53535635396 0)
(2.28023899231 1.28281667785 0)
(2.09173704485 -1.43702496481 0)
(2.27474157778 -1.53633597599 0)
(2.09171931322 -1.75385315039 0)
(2.09154321095 1.43535643005 0)
(2.09159940982 1.22157466327 0)
(1.90287549541 1.28302868777 0)
(5.621588924 -0.2856540185 0)
(5.64481802029 -1.5875611011e-15 0)
(5.41297173224 -0.121112094577 0)
(5.92583596654 0.171624812745 0)
(5.62382043013 0.286626712714 0)
(-0.814534974551 -1.22033776897 0)
(-0.560593120336 -1.35534936848 0)
(-0.582467984497 -1.08972095307 0)
(-0.508278992928 -1.67557128657 0)
(-0.288699485653 -1.44284306092 0)
(-1.43343536134 -0.285128021211 0)
(-1.74253596654 -0.171624812745 0)
(-1.67557128657 -0.508278992928 0)
(-1.18241613718 -0.358682013858 0)
(-1.22967173224 -0.121112094577 0)
(-1.03700965991 -1.03804765561 0)
(-1.35351606731 -1.11080192949 0)
(-1.11080192949 -1.35351606731 0)
(-0.783870037144 -0.955148403863 0)
(-0.955148403863 -0.783870037144 0)
(-0.55954008758 1.35200740284 0)
(-0.816649001511 1.22190809134 0)
(-0.582467984497 1.08972095307 0)
(-1.11080192949 1.35351606731 0)
(-1.0378136739 1.03684037923 0)
(5.53470943796 0.560062362173 0)
(5.85887128657 0.508278992928 0)
(5.72751534173 0.82540029646 0)
(5.27302095307 0.582467984497 0)
(5.36571613718 0.358682013858 0)
(5.39977769149 -0.812501904384 0)
(5.53681606731 -1.11080192949 0)
(5.72751534173 -0.82540029646 0)
(5.27302095307 -0.582467984497 0)
(5.13844840386 -0.783870037144 0)
(5.40511288565 0.816752418887 0)
(5.53681606731 1.11080192949 0)
(5.22016710998 1.03791190356 0)
(-1.35492427117 -0.560761505968 0)
(-1.22242244951 -0.816891568194 0)
(-1.08972095307 -0.582467984497 0)
(-1.35275752454 0.560330513266 0)
(-1.43716141836 0.286671404562 0)
(-1.18241613718 0.358682013858 0)
(-1.74253596654 0.171624812745 0)
(-1.46916869621 0.000257230558599 0)
(4.99697967495 1.21952325671 0)
(4.96717003714 0.955148403863 0)
(5.00870029646 1.54421534173 0)
(4.74459282028 1.35629379246 0)
(-1.21893387872 0.813519290447 0)
(-0.955148403863 0.783870037144 0)
(-1.54421534173 0.82540029646 0)
(4.99988077409 -1.22187983062 0)
(5.00870029646 -1.54421534173 0)
(5.29410192949 -1.35351606731 0)
(4.96717003714 -0.955148403863 0)
(4.7657679845 -1.08972095307 0)
(5.54108172234 -0.562164201771 0)
(5.85887128657 -0.508278992928 0)
(4.54198201386 1.18241613718 0)
(4.47161590711 1.44165248906 0)
(4.3100632132 1.2354488778 0)
(4.35671227084 1.76068433317 0)
(-0.173412270843 -1.76068433317 0)
(-0.358682013858 -1.18241613718 0)
(4.47311954142 -1.4457861917 0)
(4.31021108858 -1.23630378802 0)
(4.19539279474 -1.46773420243 0)
(4.54198201386 -1.18241613718 0)
(-0.289808199046 1.44581565048 0)
(-0.126900156554 1.23634032101 0)
(-0.0120356725129 1.46787442211 0)
(-0.358682013858 1.18241613718 0)
(-1.08972095307 0.582467984497 0)
(-1.67557128657 0.508278992928 0)
(4.69157899293 1.67557128657 0)
(4.7657679845 1.08972095307 0)
(-0.508278992928 1.67557128657 0)
(-0.82540029646 1.54421534173 0)
(5.22070430936 -1.03667081488 0)
(-1.22967173224 0.121112094577 0)
(-0.82540029646 -1.54421534173 0)
(-1.54421534173 -0.82540029646 0)
(5.92583596654 -0.171624812745 0)
(5.36571613718 -0.358682013858 0)
(-0.783870037144 0.955148403863 0)
(-1.35351606731 1.11080192949 0)
(5.41297173224 0.121112094577 0)
(4.74284008758 -1.35200740284 0)
(5.29410192949 1.35351606731 0)
(5.13844840386 0.783870037144 0)
(4.08926771105 -1.25079852164 0)
(4.35671227084 -1.76068433317 0)
(-0.173412270843 1.76068433317 0)
(0.0940407588821 1.25087749992 0)
(0.0947955979508 -1.24786199922 0)
(3.61186008296 1.73227015569 0)
(2.46649462526 -1.74740859834 0)
(2.8366329615 -1.73274250914 0)
(3.09946836871 -1.25672914148 0)
(2.09153080612 1.75364182645 0)
(3.22283775367 1.73085722037 0)
(3.493672282 -1.25389549338 0)
(0.960881480448 1.73206361061 0)
(0.689911700548 1.25646643336 0)
(1.34591312396 1.73238686815 0)
(2.46642113428 1.74542085245 0)
(1.71704091662 -1.74509599764 0)
(1.33628025219 -1.74424424211 0)
(0.955906612 -1.742857177 0)
(0.494283876348 -1.25420935333 0)
(2.83774611564 1.73111923363 0)
(2.09170034492 -1.21986824132 0)
(2.27379080747e-15 2.12132 0)
(0.3803 2.12132 0)
(1.9015 -2.12132 0)
(1.9015 2.12132 0)
(2.6621 2.12132 0)
(1.1409 -2.12132 0)
(2.6621 -2.12132 0)
(3.4227 2.12132 0)
(3.803 2.12132 0)
(3.4227 -2.12132 0)
(3.803 -2.12132 0)
(0.7606 -2.12132 0)
(0.3803 -2.12132 0)
(4.69157899293 -1.67557128657 0)
(-0.126612153978 -1.23538637341 0)
(6.26385943102 -0.413849001899 0)
(6.30462 -2.43115479106e-15 0)
(-2.08055943102 0.413849001899 0)
(-1.95984412991 0.811794018745 0)
(-0.413849001899 2.08055943102 0)
(-0.811794018745 1.95984412991 0)
(-1.17854224671 1.76381311797 0)
(4.99509401874 -1.95984412991 0)
(5.36184224671 -1.76381311797 0)
(4.5971490019 2.08055943102 0)
(4.99509401874 1.95984412991 0)
(6.26385943102 0.413849001899 0)
(-0.811794018745 -1.95984412991 0)
(-1.17854224671 -1.76381311797 0)
(5.68329975707 -1.49999975707 0)
(5.94711311797 -1.17854224671 0)
(-1.76381311797 -1.17854224671 0)
(-1.95984412991 -0.811794018745 0)
(6.14314412991 -0.811794018745 0)
(5.94711311797 1.17854224671 0)
(6.14314412991 0.811794018745 0)
(-6.00921048718e-16 -2.12132 0)
(-0.413849001899 -2.08055943102 0)
(4.1833 -2.12132 0)
(4.5971490019 -2.08055943102 0)
(-2.12132 0 0)
(-2.08055943102 -0.413849001899 0)
(-1.49999975707 -1.49999975707 0)
(-1.76381311797 1.17854224671 0)
(-1.49999975707 1.49999975707 0)
(5.68329975707 1.49999975707 0)
(5.36184224671 1.76381311797 0)
(4.1833 2.12132 0)
(0.7606 2.12132 0)
(3.0424 2.12132 0)
(1.1409 2.12132 0)
(1.5212 2.12132 0)
(1.5212 -2.12132 0)
(2.2818 -2.12132 0)
(2.2818 2.12132 0)
(3.0424 -2.12132 0)
(7.44829718206 1.17015795928 0)
(7.98315071768 0.805299887537 0)
(7.86505096812 1.66760904196 0)
(8.9371885324 1.07054882576 0)
(8.75212679846 2.27472035524 0)
(-1.35565687126 -3.51635185338 0)
(-2.28888281366 -3.85202765857 0)
(-1.19784946947 -4.31104326104 0)
(-2.12769410922 -4.9978222952 0)
(-1.96788236274 -3.23680447376 0)
(-1.51883832061 -2.9483964044 0)
(-0.385070169115 4.21548039562 0)
(-1.35761821635 4.7903870527 0)
(-0.937543920092 3.85725025112 0)
(-0.290307910032 4.96243772211 0)
(-0.627671436445 5.69551444526 0)
(3.72003394314 -4.57552856107 0)
(3.25473647213 -3.81977883593 0)
(2.94690889352 -4.43003425752 0)
(2.74400790865 -3.93547206059 0)
(3.80499438105 -3.81465748701 0)
(4.4414539463 -3.95866840794 0)
(6.84430905694 -2.03912364211 0)
(6.38795206508 -2.53860353988 0)
(7.24846002564 -2.69914897313 0)
(6.54975364429 -3.08100697017 0)
(7.05179094919 -3.49198493134 0)
(2.79769272274 3.22288878013 0)
(3.15830633521 3.39434214779 0)
(2.69885571617 3.72623475404 0)
(3.02346744249 2.90268637663 0)
(2.0625076262 -3.29152312187 0)
(2.43949115756 -3.21983412029 0)
(2.26298659404 -2.87056579839 0)
(2.82098748233 -3.36632439464 0)
(2.65007845779 -2.88282789983 0)
(0.0303493336044 -3.22673244416 0)
(0.487595245927 -3.20656667243 0)
(0.330744676848 -2.85306949631 0)
(0.947344222158 -3.39362003293 0)
(0.744683319533 -2.88437918208 0)
(1.34668293642 -3.84852229972 0)
(1.5512996381 -3.27742413634 0)
(1.8565378301 -3.85605205381 0)
(4.07976339976 -3.36554778572 0)
(3.59625471757 -3.3362328346 0)
(-0.890614534817 -3.11432560552 0)
(-2.56830148134 -3.12414262086 0)
(-2.98604840143 -2.60250170728 0)
(-3.21338861899 -2.05748180363 0)
(-3.88818212682 -2.31979384927 0)
(-2.65574142179 -2.10039760222 0)
(3.42054005492 -2.88950675799 0)
(3.22713556657 -3.25807860293 0)
(2.42179978616 3.27872898852 0)
(2.06124354659 3.21262237617 0)
(2.26334417648 2.86067538527 0)
(1.68821659112 3.29112706145 0)
(1.89167752284 2.85474463869 0)
(-2.44930164677 2.0880769382 0)
(-2.71175756026 1.76086692123 0)
(-2.32916528033 1.62303754255 0)
(-3.21129355598 1.61010273239 0)
(-2.69122258857 1.20098163081 0)
(7.04975827836 -1.54139777774 0)
(6.56314105284 -1.57674496081 0)
(6.83417517102 -1.11900420107 0)
(2.37711817224 -3.67094989719 0)
(0.869368914902 3.87082625513 0)
(1.42256692448 3.76740138122 0)
(1.32728986754 4.58202396624 0)
(0.229192916947 3.76013575431 0)
(0.618471617664 3.318427814 0)
(0.83489408322 -4.04389207981 0)
(0.337952427013 -3.68527562087 0)
(0.0740813441753 -4.61186878469 0)
(-0.479528457404 -3.65890466035 0)
(0.398441903656 4.49246675002 0)
(0.163625835819 3.25406471225 0)
(-3.92405419598 0.599047915719 0)
(-3.34946243759 0.226500891666 0)
(-3.2835350856 0.905909075833 0)
(-4.66163752998 0.311945547348 0)
(-3.9988879268 -0.319919892299 0)
(5.52798052528 -3.6705853001 0)
(5.15185951665 -3.18459459957 0)
(4.94989579938 -3.63947435945 0)
(6.28588547308 -3.67312508614 0)
(5.82586860913 -3.02611918354 0)
(2.02272383283 3.77631216428 0)
(2.44844062313 4.60000991924 0)
(-4.21152676887 -1.34144372799 0)
(-3.35893903869 -0.988386569837 0)
(-5.33839702381 -0.626336298845 0)
(0.483716017451 5.63093288914 0)
(3.74790591191 3.52595077817 0)
(4.21435293585 3.27545376856 0)
(4.4409744219 3.80070939331 0)
(3.4537636913 2.95093713364 0)
(3.22290513889 4.06108524525 0)
(5.10141435201 -4.10538506051 0)
(-0.352585788821 3.43020484349 0)
(-1.68260108806 3.64299921181 0)
(-1.0351125105 3.23425709066 0)
(3.319366909 4.82278674605 0)
(2.3496623514 -4.35055830087 0)
(1.46840948633 -4.68017366083 0)
(2.75999297118 -5.46307394306 0)
(-2.19891281072 -2.65053890696 0)
(-3.32647335552 -3.30931097706 0)
(0.809497548329 2.87544974743 0)
(0.582523571447 2.48682735543 0)
(0.960696247677 2.46688257706 0)
(0.393897632677 2.87289183946 0)
(6.24390836478 3.1463825551 0)
(6.05496895101 2.84467813997 0)
(6.44695551956 2.57299821874 0)
(5.66915874476 3.1401265457 0)
(5.83315320872 2.47546073375 0)
(4.5876072243 -3.3045187779 0)
(4.28743762687 -2.89063940452 0)
(5.79252345371 -2.40837309424 0)
(6.23378717902 -2.01817884987 0)
(-0.403566881711 -3.11625783145 0)
(-0.569319860268 -2.7598871926 0)
(-0.10872088967 -2.82143925462 0)
(1.86879895922 -2.86267949566 0)
(1.14590214034 3.27034626662 0)
(1.49361135447 2.84827595021 0)
(3.95494571339 4.39271245211 0)
(4.99699554285 4.68946738329 0)
(4.65323223923 3.25800974128 0)
(5.15293307197 3.66589971318 0)
(-2.5332657136 4.19813744733 0)
(4.00152635576 5.4562751666 0)
(4.01034280078 -5.61652910787 0)
(4.88669940081 -4.91683784619 0)
(6.06665452499 3.98826027253 0)
(-1.03849416537 -5.22861044976 0)
(-3.59651449452 -4.58771845201 0)
(-0.27530339951 -5.95051838666 0)
(0.749623944228 -5.58016831656 0)
(-0.545811556714 -7.12002277112 0)
(0.769980993466 -6.92328791904 0)
(6.28899714166 5.47096150195 0)
(7.01878775584 3.20281046038 0)
(7.34559259546 4.51935432884 0)
(-4.63091081534 -3.3696815744 0)
(-1.6963615744 6.30423081534 0)
(-0.401719667993 6.84048905139 0)
(1.62439650921 -5.95211499378 0)
(3.74835966799 -6.84048905139 0)
(1.72767991322 5.75063049608 0)
(0.972664849164 7.11387112939 0)
(-2.91405348179 2.35565379575 0)
(-2.68376559395 2.90775281354 0)
(-3.26824410421 3.27271849481 0)
(-2.19771319223 2.65338613201 0)
(5.85295940144 -4.39481351137 0)
(7.14409541775 -4.49822333564 0)
(3.89394038445 2.92720906539 0)
(-0.576290912044 2.83793084949 0)
(-3.74329107404 1.28438458678 0)
(-3.26493166771 -0.3372113359 0)
(-2.86913676009 -0.0184517407057 0)
(-1.60922345371 -2.40837309424 0)
(-4.50751112185 1.18546728499 0)
(-5.55881492116 0.754539641048 0)
(-2.84086976312 0.56508413 0)
(3.832960286 -2.91060663961 0)
(5.29143886442 -2.67528387547 0)
(4.76483334535 -2.81256618587 0)
(6.56641517881 1.57685354359 0)
(6.69682288147 2.01741719583 0)
(6.23133061176 2.02012776232 0)
(7.15021024925 2.2708786502 0)
(2.64628925378 2.85921233432 0)
(7.40525136903 0.726000894963 0)
(7.03288686305 0.457500441005 0)
(7.67728876115 0.147213556755 0)
(-1.58409016807 2.96400691051 0)
(-1.95302600745 3.14838452772 0)
(-1.10813886442 2.67528387547 0)
(7.47012602007 -0.435355581795 0)
(7.06016299769 -0.0760881846376 0)
(8.16463645549 -0.556495091899 0)
(5.26575863056 2.68888695333 0)
(-2.9866493049 -1.59639731265 0)
(-3.55032183999 -1.66831854674 0)
(-2.40837309424 -1.60922345371 0)
(-2.67604080233 -1.10845239379 0)
(6.92264071634 1.05803944581 0)
(7.10823952934 1.62682597278 0)
(3.03628717482 -2.87508010384 0)
(-2.04815295877 -2.04815295877 0)
(-2.84086976312 -0.56508413 0)
(-3.92390154563 2.15282038392 0)
(-2.01069410577 2.04626977348 0)
(-1.60922345371 2.40837309424 0)
(4.77969940281 2.79133503346 0)
(4.33571172175 2.86538986466 0)
(7.78240856807 2.55960136644 0)
(8.69541957032 0.122834304313 0)
(7.49578225271 -1.07499578459 0)
(6.99246542089 -0.60517085328 0)
(8.49480599084 -1.3885540607 0)
(9.15439613786 -0.710112985371 0)
(7.5827557407 -1.86066775124 0)
(-1.07446676479 -2.64619967724 0)
(5.09058295807 3.11882494296 0)
(1.17874292604 -2.88285167705 0)
(1.15167993773 2.78186679281 0)
(-2.37755108036 3.30857120262 0)
(2.94945232761 5.72570114339 0)
(1.52124398402 -2.7976166338 0)
(-0.0708471993744 2.88866331001 0)
(3.23790329974 2.5031709417 0)
(3.64136634489 2.51957231004 0)
(2.08619982654 -2.47814290762 0)
(1.70605120913 -2.47530337376 0)
(1.7048419663 2.47885841357 0)
(2.09001292047 2.47682043145 0)
(2.46904202904 2.48192354246 0)
(3.2315311958 -2.48026645023 0)
(1.33736448501 -2.47074120549 0)
(0.566261380895 -2.48031867493 0)
(8.07980443159 -3.53658413691 0)
(-3.85238452451 4.53482850765 0)
(-2.86150850765 5.52570452451 0)
(6.20814850765 -5.52570452451 0)
(3.74835966799 6.84048905139 0)
(-1.6963615744 -6.30423081534 0)
(-3.01387913703 -5.80081316517 0)
(4.45898026281 -2.46086382229 0)
(4.03689069385 2.49347671954 0)
(5.34823596899 -2.17944190615 0)
(-2.36483227436 0.717364027716 0)
(-1.56774007429 -1.91029680773 0)
(4.90066402772 2.36483227436 0)
(-1.56774007429 1.91029680773 0)
(-0.717364027716 -2.36483227436 0)
(-2.17944190615 -1.16493596899 0)
(5.75104007429 1.91029680773 0)
(-2.45934346449 -0.242224189155 0)
(6.63462575782 -0.266271497196 0)
(6.55731396957 0.69419575606 0)
(-0.717364027716 2.36483227436 0)
(2.8510613951 -2.48514250717 0)
(4.020497575 -2.49526563795 0)
(3.61501612437 -2.49084695009 0)
(4.46318804324 2.45390027744 0)
(1.32882158436 2.46975395561 0)
(0.149132863961 -2.4727700736 0)
(2.47084353694 -2.4883872451 0)
(-0.255663930831 2.45533140004 0)
(0.175691130015 2.48961953774 0)
(-0.273787984308 -2.43915301574 0)
(-1.16493596899 -2.17944190615 0)
(6.54813227436 -0.717364027716 0)
(6.63851442296 0.214843084358 0)
(6.36274190615 1.16493596899 0)
(6.36274190615 -1.16493596899 0)
(5.75104007429 -1.91029680773 0)
(6.09359680773 -1.56774007429 0)
(4.90066402772 -2.36483227436 0)
(6.09359680773 1.56774007429 0)
(5.34823596899 2.17944190615 0)
(-2.17944190615 1.16493596899 0)
(-2.45934346449 0.242224189155 0)
(-1.91029680773 -1.56774007429 0)
(-1.16493596899 2.17944190615 0)
(-1.91029680773 1.56774007429 0)
(8.24121969153 3.44699963609 0)
(-5.28955776012 2.06804157978 0)
(-4.63091081534 3.3696815744 0)
(-5.16716905139 -2.07503966799 0)
(8.48607776555 -2.40463627573 0)
(-2.36483227436 -0.717364027716 0)
(5.0430015744 6.30423081534 0)
(5.0430015744 -6.30423081534 0)
(2.37397515084 7.11387112939 0)
(2.32315018385 -7.05551027198 0)
(0.957411465325 -2.48984853882 0)
(2.84684935218 2.48556692223 0)
(-6.98693 0 1)
(-6.82052572461 -1.68953096124 1)
(-6.32770772143 -3.31413419514 1)
(-5.52741470994 -4.81137711051 1)
(-4.45040150177 -6.12372150177 1)
(-3.13805711051 -7.20073470994 1)
(-1.64081419514 -8.00102772143 1)
(-0.0162109612402 -8.49384572461 1)
(1.67332 -8.66025 1)
(3.36285096124 -8.49384572461 1)
(4.98745419514 -8.00102772143 1)
(6.48469711051 -7.20073470994 1)
(7.79704150177 -6.12372150177 1)
(8.87405470994 -4.81137711051 1)
(9.67434772143 -3.31413419514 1)
(10.1671657246 -1.68953096124 1)
(10.33357 -1.06057474423e-15 1)
(10.1671657246 1.68953096124 1)
(9.67434772143 3.31413419514 1)
(8.87405470994 4.81137711051 1)
(7.79704150177 6.12372150177 1)
(6.48469711051 7.20073470994 1)
(4.98745419514 8.00102772143 1)
(3.36285096124 8.49384572461 1)
(1.67332 8.66025 1)
(-0.0162109612402 8.49384572461 1)
(-1.64081419514 8.00102772143 1)
(-3.13805711051 7.20073470994 1)
(-4.45040150177 6.12372150177 1)
(-5.52741470994 4.81137711051 1)
(-6.32770772143 3.31413419514 1)
(-6.82052572461 1.68953096124 1)
(3.95959050581 -0.23125207369 1)
(3.83117137483 -0.148805961575 1)
(3.80156338643 -0.32149097361 1)
(4.1045761537 -0.158835271767 1)
(3.94088228117 -0.0512941463876 1)
(-0.0710124678286 -0.338769495481 1)
(-0.194180838158 -0.300621969401 1)
(-0.200978787226 -0.435358723671 1)
(-0.287705426216 -0.179420436122 1)
(-0.325137684109 -0.359044477245 1)
(4.24967277168 0.189134213918 1)
(4.3594075963 0.271315622728 1)
(4.18701005226 0.341093180892 1)
(4.35719750571 0.0611183850171 1)
(3.76823905477 -0.00147956175331 1)
(3.68112318946 0.164086281903 1)
(3.58253623264 0.00883263400936 1)
(0.301820889477 0.181910446273 1)
(0.397803862053 0.00312605151151 1)
(0.499260754392 0.157966978566 1)
(0.29394654698 -0.165873731816 1)
(0.501204249518 -0.161970108426 1)
(4.11542106322 0.0891659852571 1)
(3.87681469269 0.142678003746 1)
(0.598960428276 -0.00934473265793 1)
(0.6985331806 -0.162876343808 1)
(0.797423170618 -0.00488901747631 1)
(3.67567087769 -0.156411338236 1)
(3.48482950316 -0.151237061112 1)
(3.48467463562 0.164477874702 1)
(0.118673633556 0.223519694427 1)
(0.159847946353 0.0179838610669 1)
(0.0610889609099 -0.208024269267 1)
(3.28654473651 0.162513889226 1)
(3.38567698845 0.00286023232095 1)
(3.28649715861 -0.159016078613 1)
(1.19522857143 0.00441186099388 1)
(1.09562619048 0.153540680222 1)
(0.996023809524 -0.008493620452 1)
(1.29483095238 -0.155063898908 1)
(1.39443333333 -0.00231432760522 1)
(1.69324047619 -0.15865039708 1)
(1.59363809524 -0.00120023984465 1)
(1.49403571429 -0.15887359829 1)
(1.69324047619 0.156306563198 1)
(1.49403571429 0.161722665888 1)
(1.79284285714 -0.00539234517929 1)
(1.8924452381 0.158522944706 1)
(1.8924452381 -0.161725290365 1)
(0.697749852532 0.156936586308 1)
(0.89681171642 -0.165816224225 1)
(1.29483095238 0.156408304377 1)
(2.39045714286 -0.00568062230371 1)
(2.49005952381 -0.155057197664 1)
(2.58966190476 0.00694854880914 1)
(2.2908547619 0.152593909838 1)
(2.19125238095 4.85722573274e-17 1)
(2.68926293655 -0.159773148236 1)
(2.68926186225 0.158056421511 1)
(2.4900591199 0.160082078101 1)
(2.09165 0.152340953415 1)
(2.09165 -0.157887691726 1)
(2.2908547619 -0.161199953741 1)
(1.99204761905 -0.00069171394961 1)
(1.09564297167 -0.160581831499 1)
(0.896421428571 0.149312078665 1)
(3.18708655734 -0.000840757927346 1)
(3.08757462994 0.162203889997 1)
(2.98802285881 0.0036275191598 1)
(2.78886666667 -0.00625036936229 1)
(2.88844600797 0.159348478774 1)
(2.88846095266 -0.155705660449 1)
(3.08763275988 -0.156304674209 1)
(-0.442212353156 -0.116152310922 1)
(-0.517646365584 -0.0231653091835 1)
(-0.582415675279 -0.138798732065 1)
(-0.356765751897 0.0295190889802 1)
(4.38122266979 -0.422802040825 1)
(4.36491095291 -0.27022488645 1)
(4.24105047991 -0.30519318926 1)
(4.45020795305 -0.157260294456 1)
(4.26355717019 -0.122394638299 1)
(-0.11552943752 -0.208473013459 1)
(-0.102835202145 -0.0273951682909 1)
(0.0516186231644 -0.388553365259 1)
(0.207281331807 -0.350893382636 1)
(0.123204232806 -0.523063533112 1)
(4.0538448619 -0.528939737413 1)
(4.09502588094 -0.352846281188 1)
(3.95814837454 -0.390930466403 1)
(-0.046337241532 0.296852083973 1)
(-0.0109991318723 0.139791149298 1)
(-0.205907386729 0.200782486505 1)
(0.229527911208 0.352947303396 1)
(0.399952581135 -0.337608534132 1)
(0.598622938383 -0.335203440444 1)
(3.58568571429 -0.324287105376 1)
(3.38648095238 0.324287105376 1)
(0.996023809524 0.324287105376 1)
(1.99204761905 0.324287105376 1)
(2.98807142857 0.324287105376 1)
(1.79284285714 -0.324287105376 1)
(2.39045714286 -0.324287105376 1)
(4.58158396908 -0.0220232206454 1)
(4.53838546684 0.187249234073 1)
(3.78168254272 0.322249441263 1)
(3.98048120498 0.319695424883 1)
(3.58568571429 0.324287105376 1)
(0.405811229302 0.335918788667 1)
(0.597614285714 0.324287105376 1)
(3.18727619048 -0.324287105376 1)
(2.98807142857 -0.324287105376 1)
(1.19522857143 0.324287105376 1)
(1.39443333333 0.324287105376 1)
(1.59363809524 0.324287105376 1)
(2.19125238095 0.324287105376 1)
(1.59363809524 -0.324287105376 1)
(1.39443333333 -0.324287105376 1)
(0.797223356581 -0.333769426738 1)
(1.19522857143 -0.324287105376 1)
(2.58966190476 0.324287105376 1)
(2.39045714286 0.324287105376 1)
(0.996159039191 -0.334822189794 1)
(2.78886666667 -0.324287105376 1)
(2.19125238095 -0.324287105376 1)
(1.99204761905 -0.324287105376 1)
(2.58966190476 -0.324287105376 1)
(3.38648095238 -0.324287105376 1)
(2.78886666667 0.324287105376 1)
(0.0723124245403 0.399848217202 1)
(1.79284285714 0.324287105376 1)
(0.796819047619 0.324287105376 1)
(3.18727619048 0.324287105376 1)
(4.51231173182 -0.493919927736 1)
(4.49922816465 -0.343141911366 1)
(4.5871598485 -0.602867724627 1)
(4.65722213605 -0.46842847661 1)
(-0.333319584165 -0.499641802668 1)
(-0.48253918947 -0.479967970447 1)
(0.0415620490615 0.568131854918 1)
(0.166770810635 0.490936153019 1)
(0.187642885073 0.67419507479 1)
(-0.0763226156869 0.466702213477 1)
(-0.636989326594 0.26727532907 1)
(-0.552260108216 0.108417226209 1)
(-0.429239512052 0.235794483255 1)
(-0.175613536477 0.368808513138 1)
(-0.226577240012 0.514073082469 1)
(-0.325923793227 0.386316077539 1)
(-0.389294527278 0.572667663232 1)
(4.06164773145 0.516107868146 1)
(4.20649869721 0.535327184299 1)
(4.15332065549 0.695717602272 1)
(4.34882283652 0.469849586211 1)
(4.3188795839 0.667666133831 1)
(-0.727634605456 -0.150891576054 1)
(-0.660975232076 -0.268386647669 1)
(-0.837785643284 -0.254139496464 1)
(4.7385871967 0.114423274241 1)
(4.64889938014 -0.245886724095 1)
(-0.477276716529 -0.273775202519 1)
(3.88164283197 0.510387601075 1)
(0.498011904762 0.512239275462 1)
(0.311661857086 0.506004919463 1)
(0.498011904762 -0.512239275462 1)
(0.304821088134 -0.520452347626 1)
(3.68528809524 -0.512239275462 1)
(3.87612868807 -0.526146818794 1)
(3.08767380952 0.512239275462 1)
(2.68926428571 -0.512239275462 1)
(3.08767380952 -0.512239275462 1)
(1.69324047619 0.512239275462 1)
(2.2908547619 -0.512239275462 1)
(0.896421428571 0.512239275462 1)
(2.68926428571 0.512239275462 1)
(1.29483095238 0.512239275462 1)
(2.09165 0.512239275462 1)
(1.8924452381 -0.512239275462 1)
(1.8924452381 0.512239275462 1)
(2.2908547619 0.512239275462 1)
(2.88846904762 0.512239275462 1)
(3.28687857143 0.512239275462 1)
(3.28687857143 -0.512239275462 1)
(3.48608333333 -0.512239275462 1)
(1.49403571429 -0.512239275462 1)
(0.697216666667 -0.512239275462 1)
(1.09562619048 -0.512239275462 1)
(3.48608333333 0.512239275462 1)
(3.68528809524 0.512239275462 1)
(-0.0648561512332 -0.531258030056 1)
(4.24338756402 -0.516214136634 1)
(4.68226600913 0.309705149046 1)
(0.896421428571 -0.512239275462 1)
(1.69324047619 -0.512239275462 1)
(1.09562619048 0.512239275462 1)
(2.88846904762 -0.512239275462 1)
(1.49403571429 0.512239275462 1)
(2.49005952381 0.512239275462 1)
(4.51127052412 0.388956194048 1)
(2.09165 -0.512239275462 1)
(1.29483095238 -0.512239275462 1)
(4.76844582941 -0.0894932925961 1)
(2.49005952381 -0.512239275462 1)
(0.697216666667 0.512239275462 1)
(5.05456798327 0.0858124063723 1)
(4.91266450703 0.146632442061 1)
(4.90067322859 0.00542500289039 1)
(4.84840848332 0.273362030338 1)
(4.91481885823 -0.135377160356 1)
(5.05456798327 -0.0858124063723 1)
(-0.612302270156 -0.397075785219 1)
(-0.676758033656 -0.555400964744 1)
(-0.772107670864 -0.41270014823 1)
(4.84024176805 -0.252512156714 1)
(4.78876620542 -0.384560182866 1)
(4.95540767086 -0.41270014823 1)
(4.85529742109 -0.546555414708 1)
(-0.837785643284 0.254139496464 1)
(-0.711527624613 0.142410357909 1)
(-0.685728493372 -0.00732059770164 1)
(-0.555400964744 -0.676758033656 1)
(-0.407608459626 -0.609889118997 1)
(-0.254082411522 -0.620970117349 1)
(4.44049051017 -0.619989484881 1)
(4.59600014823 -0.772107670864 1)
(4.7964865959 0.406330100469 1)
(4.95540767086 0.41270014823 1)
(4.67267730522 0.490199967164 1)
(-0.274410365721 0.669249934452 1)
(-0.254139496464 0.837785643284 1)
(-0.41270014823 0.772107670864 1)
(4.30994454553 -0.710123761885 1)
(4.26057625636 -0.872473115612 1)
(4.43743949646 -0.837785643284 1)
(-0.12661447978 -0.711435369159 1)
(-0.254139496464 -0.837785643284 1)
(0.0238722317542 -0.700655606358 1)
(4.15885137619 -0.700880211622 1)
(-0.122867835472 0.662192552179 1)
(0.0220034618017 0.733256689047 1)
(0.202066954483 -0.698717914864 1)
(3.9730369341 -0.703089014326 1)
(1.19522857143 0.700191445549 1)
(2.39045714286 -0.700191445549 1)
(2.58966190476 -0.700191445549 1)
(2.19125238095 -0.700191445549 1)
(0.796819047619 -0.700191445549 1)
(0.796819047619 0.700191445549 1)
(2.19125238095 0.700191445549 1)
(1.59363809524 -0.700191445549 1)
(1.79284285714 0.700191445549 1)
(2.78886666667 0.700191445549 1)
(2.58966190476 0.700191445549 1)
(2.39045714286 0.700191445549 1)
(3.58568571429 0.700191445549 1)
(3.18727619048 -0.700191445549 1)
(3.18727619048 0.700191445549 1)
(1.79284285714 -0.700191445549 1)
(1.99204761905 -0.700191445549 1)
(2.78886666667 -0.700191445549 1)
(1.19522857143 -0.700191445549 1)
(0.996023809524 0.700191445549 1)
(1.39443333333 0.700191445549 1)
(3.78489047619 0.700191445549 1)
(3.98123304552 0.698717914864 1)
(0.39840952381 0.700191445549 1)
(3.58568571429 -0.700191445549 1)
(3.78489047619 -0.700191445549 1)
(0.597614285714 -0.700191445549 1)
(0.39840952381 -0.700191445549 1)
(4.50987056533 0.614739201467 1)
(-0.53973221626 0.442089785359 1)
(0.996023809524 -0.700191445549 1)
(3.38648095238 -0.700191445549 1)
(1.59363809524 0.700191445549 1)
(1.99204761905 0.700191445549 1)
(2.98807142857 -0.700191445549 1)
(3.38648095238 0.700191445549 1)
(2.98807142857 0.700191445549 1)
(0.597614285714 0.700191445549 1)
(1.39443333333 -0.700191445549 1)
(0.0996023809524 0.885109361371 1)
(-0.0770543316885 0.869880660232 1)
(4.07464468024 0.877969493469 1)
(-0.695088870321 0.570444693613 1)
(-0.760783647851 0.420484509028 1)
(-0.562156160469 0.66358185485 1)
(4.72469398727 0.679620709907 1)
(2.88846904762 -0.888143615636 1)
(1.29483095238 0.888143615636 1)
(1.09562619048 -0.888143615636 1)
(1.69324047619 -0.888143615636 1)
(1.69324047619 0.888143615636 1)
(3.28687857143 0.888143615636 1)
(1.29483095238 -0.888143615636 1)
(0.896421428571 -0.888143615636 1)
(2.49005952381 -0.888143615636 1)
(2.49005952381 0.888143615636 1)
(2.88846904762 0.888143615636 1)
(3.28687857143 -0.888143615636 1)
(2.09165 -0.888143615636 1)
(0.498011904762 -0.888143615636 1)
(1.8924452381 -0.888143615636 1)
(1.49403571429 -0.888143615636 1)
(0.896421428571 0.888143615636 1)
(2.09165 0.888143615636 1)
(3.48608333333 -0.888143615636 1)
(3.68528809524 -0.888143615636 1)
(3.68528809524 0.888143615636 1)
(0.498011904762 0.888143615636 1)
(0.296880163385 0.878159916224 1)
(3.88449285714 -0.888143615636 1)
(4.07542479555 -0.880255809622 1)
(0.298807142857 -0.888143615636 1)
(0.107763963375 -0.880248569912 1)
(5.02108564328 -0.254139496464 1)
(4.60667920223 0.793292535174 1)
(-0.0773673107479 -0.872654282614 1)
(4.26142628519 0.863917828042 1)
(-0.871267983268 -0.0858124063723 1)
(-0.871267983268 0.0858124063723 1)
(5.02108564328 0.254139496464 1)
(3.88449285714 0.888143615636 1)
(0.697216666667 0.888143615636 1)
(3.08767380952 0.888143615636 1)
(1.09562619048 0.888143615636 1)
(1.49403571429 0.888143615636 1)
(2.2908547619 -0.888143615636 1)
(1.8924452381 0.888143615636 1)
(2.2908547619 0.888143615636 1)
(3.08767380952 -0.888143615636 1)
(2.68926428571 0.888143615636 1)
(2.68926428571 -0.888143615636 1)
(0.697216666667 -0.888143615636 1)
(3.48608333333 0.888143615636 1)
(-0.41270014823 -0.772107670864 1)
(4.86005803366 0.555400964744 1)
(4.73870096474 -0.676758033656 1)
(4.44621999919 0.829389019887 1)
(2.19125238095 -1.06066 1)
(1.59363809524 1.06066 1)
(1.59363809524 -1.06066 1)
(1.99204761905 1.06066 1)
(1.79284285714 1.06066 1)
(2.19125238095 1.06066 1)
(1.19522857143 -1.06066 1)
(2.58966190476 1.06066 1)
(3.78489047619 1.06066 1)
(2.39045714286 -1.06066 1)
(1.99204761905 -1.06066 1)
(0.597614285714 1.06066 1)
(2.98807142857 1.06066 1)
(0.39840952381 1.06066 1)
(0.796819047619 1.06066 1)
(3.38648095238 -1.06066 1)
(2.98807142857 -1.06066 1)
(1.39443333333 -1.06066 1)
(0.996023809524 -1.06066 1)
(1.19522857143 1.06066 1)
(0.597614285714 -1.06066 1)
(3.38648095238 1.06066 1)
(3.58568571429 -1.06066 1)
(3.78489047619 -1.06066 1)
(2.58966190476 -1.06066 1)
(0.39840952381 -1.06066 1)
(0.199204761905 -1.06066 1)
(3.9840952381 1.06066 1)
(4.1833 1.06066 1)
(3.9840952381 -1.06066 1)
(4.1833 -1.06066 1)
(0.199204761905 1.06066 1)
(1.13689540374e-15 1.06066 1)
(4.39022450095 1.04027971551 1)
(5.22357971551 -0.20692450095 1)
(5.24396 -7.71488185679e-16 1)
(4.39022450095 -1.04027971551 1)
(4.58919700937 -0.979922064953 1)
(-3.00460524359e-16 -1.06066 1)
(-0.20692450095 -1.04027971551 1)
(-0.881906558985 -0.589271123355 1)
(-0.749999878533 -0.749999878533 1)
(5.16322206495 0.405897009372 1)
(5.22357971551 0.20692450095 1)
(4.93329987853 -0.749999878533 1)
(5.06520655898 -0.589271123355 1)
(4.77257112335 0.881906558985 1)
(4.58919700937 0.979922064953 1)
(-1.04027971551 -0.20692450095 1)
(-0.979922064953 -0.405897009372 1)
(-0.881906558985 0.589271123355 1)
(-0.979922064953 0.405897009372 1)
(-0.405897009372 -0.979922064953 1)
(-0.589271123355 -0.881906558985 1)
(-0.589271123355 0.881906558985 1)
(-0.405897009372 0.979922064953 1)
(4.93329987853 0.749999878533 1)
(5.06520655898 0.589271123355 1)
(-1.06066 0 1)
(-1.04027971551 0.20692450095 1)
(4.77257112335 -0.881906558985 1)
(-0.749999878533 0.749999878533 1)
(5.16322206495 -0.405897009372 1)
(-0.20692450095 1.04027971551 1)
(2.78886666667 1.06066 1)
(3.18727619048 -1.06066 1)
(0.996023809524 1.06066 1)
(1.79284285714 -1.06066 1)
(1.39443333333 1.06066 1)
(0.796819047619 -1.06066 1)
(2.78886666667 -1.06066 1)
(3.18727619048 1.06066 1)
(2.39045714286 1.06066 1)
(3.58568571429 1.06066 1)
(3.98925307567 1.43302574522 1)
(4.20005794006 1.47460332909 1)
(3.98391865867 1.72879838374 1)
(3.88581873969 1.25061655958 1)
(4.08878451485 1.24801014554 1)
(0.298153698148 -1.24835898838 1)
(0.203148343932 -1.42713638729 1)
(0.390545273527 -1.47231052 1)
(-0.0110624961274 -1.46516623717 1)
(0.202756800232 -1.72584153004 1)
(3.98267301611 -1.43787608756 1)
(3.79275472647 -1.47231052 1)
(3.9842036314 -1.73050962137 1)
(3.88617449721 -1.25267045735 1)
(0.200626983886 1.43787608756 1)
(0.390545273527 1.47231052 1)
(0.199439101965 1.73135093944 1)
(0.297119200168 1.25300410732 1)
(3.68893590735 -1.24830549792 1)
(3.5997083367 -1.4298496988 1)
(3.40479819521 -1.46979822243 1)
(3.61171552843 -1.73191354544 1)
(0.494326276928 1.25030739771 1)
(0.583364768991 1.4418610975 1)
(0.779462810623 1.47206248546 1)
(0.573983605095 1.73780277193 1)
(0.588378755387 -1.4324266126 1)
(0.778364906971 -1.48494061263 1)
(0.692601721504 -1.25083999899 1)
(0.577755025009 -1.73852916165 1)
(3.79275472647 1.47231052 1)
(3.5997372476 1.42992102085 1)
(3.68894072584 1.24831738493 1)
(3.40422814015 1.46915036998 1)
(3.49343003631 1.25357637292 1)
(3.20983479873 1.43676217982 1)
(3.29550743758 1.25274946176 1)
(3.01721376594 1.47709114191 1)
(3.09914121041 1.25608783641 1)
(3.29642458605 -1.25409954114 1)
(3.21444047619 -1.44357349855 1)
(3.01488722687 -1.47675182222 1)
(3.22278462219 -1.73158926953 1)
(0.973443827604 -1.43500461671 1)
(0.886987723577 -1.25779742863 1)
(1.16489467654 -1.48372675878 1)
(1.08467302824 -1.25467934347 1)
(0.973465201266 1.43676217982 1)
(0.887883013414 1.25324761949 1)
(1.08431054478 1.25616466731 1)
(1.36691354808 1.43829643619 1)
(1.28237106377 1.25653906394 1)
(1.47967154519 1.25725118737 1)
(1.16722456506 1.47763556987 1)
(2.82173491744 1.43677407492 1)
(2.90183946738 1.25607807856 1)
(2.63151523813 1.48505134575 1)
(2.7037431762 1.25600763638 1)
(2.81545101732 -1.43943356209 1)
(2.90054591533 -1.25644295256 1)
(2.70361493962 -1.25886575547 1)
(1.36224831908 -1.43533270768 1)
(1.28202585578 -1.25484830094 1)
(1.55204441798 -1.48452058134 1)
(1.47972404383 -1.25553395479 1)
(2.43048308612 -1.46131020162 1)
(2.50315740357 -1.26164916496 1)
(2.28192787098 -1.28875897479 1)
(2.62760283545 -1.48226412059 1)
(1.75242442558 -1.46040532227 1)
(1.68114914497 -1.25885405536 1)
(1.9088080729 -1.53525715823 1)
(1.90152508932 -1.28807628811 1)
(1.68027101455 1.26076272854 1)
(1.75290298846 1.46085712882 1)
(1.55656512933 1.47865297157 1)
(1.90847335646 1.535720371 1)
(1.71632994653 1.74612088522 1)
(2.43098557057 1.46167384865 1)
(2.50221128257 1.25972401324 1)
(2.27454120556 1.53535635396 1)
(2.28023899231 1.28281667785 1)
(2.09173704485 -1.43702496481 1)
(2.27474157778 -1.53633597599 1)
(2.09171931322 -1.75385315039 1)
(2.09154321095 1.43535643005 1)
(2.09159940982 1.22157466327 1)
(1.90287549541 1.28302868777 1)
(5.621588924 -0.2856540185 1)
(5.64481802029 -1.5875611011e-15 1)
(5.41297173224 -0.121112094577 1)
(5.92583596654 0.171624812745 1)
(5.62382043013 0.286626712714 1)
(-0.814534974551 -1.22033776897 1)
(-0.560593120336 -1.35534936848 1)
(-0.582467984497 -1.08972095307 1)
(-0.508278992928 -1.67557128657 1)
(-0.288699485653 -1.44284306092 1)
(-1.43343536134 -0.285128021211 1)
(-1.74253596654 -0.171624812745 1)
(-1.67557128657 -0.508278992928 1)
(-1.18241613718 -0.358682013858 1)
(-1.22967173224 -0.121112094577 1)
(-1.03700965991 -1.03804765561 1)
(-1.35351606731 -1.11080192949 1)
(-1.11080192949 -1.35351606731 1)
(-0.783870037144 -0.955148403863 1)
(-0.955148403863 -0.783870037144 1)
(-0.55954008758 1.35200740284 1)
(-0.816649001511 1.22190809134 1)
(-0.582467984497 1.08972095307 1)
(-1.11080192949 1.35351606731 1)
(-1.0378136739 1.03684037923 1)
(5.53470943796 0.560062362173 1)
(5.85887128657 0.508278992928 1)
(5.72751534173 0.82540029646 1)
(5.27302095307 0.582467984497 1)
(5.36571613718 0.358682013858 1)
(5.39977769149 -0.812501904384 1)
(5.53681606731 -1.11080192949 1)
(5.72751534173 -0.82540029646 1)
(5.27302095307 -0.582467984497 1)
(5.13844840386 -0.783870037144 1)
(5.40511288565 0.816752418887 1)
(5.53681606731 1.11080192949 1)
(5.22016710998 1.03791190356 1)
(-1.35492427117 -0.560761505968 1)
(-1.22242244951 -0.816891568194 1)
(-1.08972095307 -0.582467984497 1)
(-1.35275752454 0.560330513266 1)
(-1.43716141836 0.286671404562 1)
(-1.18241613718 0.358682013858 1)
(-1.74253596654 0.171624812745 1)
(-1.46916869621 0.000257230558599 1)
(4.99697967495 1.21952325671 1)
(4.96717003714 0.955148403863 1)
(5.00870029646 1.54421534173 1)
(4.74459282028 1.35629379246 1)
(-1.21893387872 0.813519290447 1)
(-0.955148403863 0.783870037144 1)
(-1.54421534173 0.82540029646 1)
(4.99988077409 -1.22187983062 1)
(5.00870029646 -1.54421534173 1)
(5.29410192949 -1.35351606731 1)
(4.96717003714 -0.955148403863 1)
(4.7657679845 -1.08972095307 1)
(5.54108172234 -0.562164201771 1)
(5.85887128657 -0.508278992928 1)
(4.54198201386 1.18241613718 1)
(4.47161590711 1.44165248906 1)
(4.3100632132 1.2354488778 1)
(4.35671227084 1.76068433317 1)
(-0.173412270843 -1.76068433317 1)
(-0.358682013858 -1.18241613718 1)
(4.47311954142 -1.4457861917 1)
(4.31021108858 -1.23630378802 1)
(4.19539279474 -1.46773420243 1)
(4.54198201386 -1.18241613718 1)
(-0.289808199046 1.44581565048 1)
(-0.126900156554 1.23634032101 1)
(-0.0120356725129 1.46787442211 1)
(-0.358682013858 1.18241613718 1)
(-1.08972095307 0.582467984497 1)
(-1.67557128657 0.508278992928 1)
(4.69157899293 1.67557128657 1)
(4.7657679845 1.08972095307 1)
(-0.508278992928 1.67557128657 1)
(-0.82540029646 1.54421534173 1)
(5.22070430936 -1.03667081488 1)
(-1.22967173224 0.121112094577 1)
(-0.82540029646 -1.54421534173 1)
(-1.54421534173 -0.82540029646 1)
(5.92583596654 -0.171624812745 1)
(5.36571613718 -0.358682013858 1)
(-0.783870037144 0.955148403863 1)
(-1.35351606731 1.11080192949 1)
(5.41297173224 0.121112094577 1)
(4.74284008758 -1.35200740284 1)
(5.29410192949 1.35351606731 1)
(5.13844840386 0.783870037144 1)
(4.08926771105 -1.25079852164 1)
(4.35671227084 -1.76068433317 1)
(-0.173412270843 1.76068433317 1)
(0.0940407588821 1.25087749992 1)
(0.0947955979508 -1.24786199922 1)
(3.61186008296 1.73227015569 1)
(2.46649462526 -1.74740859834 1)
(2.8366329615 -1.73274250914 1)
(3.09946836871 -1.25672914148 1)
(2.09153080612 1.75364182645 1)
(3.22283775367 1.73085722037 1)
(3.493672282 -1.25389549338 1)
(0.960881480448 1.73206361061 1)
(0.689911700548 1.25646643336 1)
(1.34591312396 1.73238686815 1)
(2.46642113428 1.74542085245 1)
(1.71704091662 -1.74509599764 1)
(1.33628025219 -1.74424424211 1)
(0.955906612 -1.742857177 1)
(0.494283876348 -1.25420935333 1)
(2.83774611564 1.73111923363 1)
(2.09170034492 -1.21986824132 1)
(2.27379080747e-15 2.12132 1)
(0.3803 2.12132 1)
(1.9015 -2.12132 1)
(1.9015 2.12132 1)
(2.6621 2.12132 1)
(1.1409 -2.12132 1)
(2.6621 -2.12132 1)
(3.4227 2.12132 1)
(3.803 2.12132 1)
(3.4227 -2.12132 1)
(3.803 -2.12132 1)
(0.7606 -2.12132 1)
(0.3803 -2.12132 1)
(4.69157899293 -1.67557128657 1)
(-0.126612153978 -1.23538637341 1)
(6.26385943102 -0.413849001899 1)
(6.30462 -2.43115479106e-15 1)
(-2.08055943102 0.413849001899 1)
(-1.95984412991 0.811794018745 1)
(-0.413849001899 2.08055943102 1)
(-0.811794018745 1.95984412991 1)
(-1.17854224671 1.76381311797 1)
(4.99509401874 -1.95984412991 1)
(5.36184224671 -1.76381311797 1)
(4.5971490019 2.08055943102 1)
(4.99509401874 1.95984412991 1)
(6.26385943102 0.413849001899 1)
(-0.811794018745 -1.95984412991 1)
(-1.17854224671 -1.76381311797 1)
(5.68329975707 -1.49999975707 1)
(5.94711311797 -1.17854224671 1)
(-1.76381311797 -1.17854224671 1)
(-1.95984412991 -0.811794018745 1)
(6.14314412991 -0.811794018745 1)
(5.94711311797 1.17854224671 1)
(6.14314412991 0.811794018745 1)
(-6.00921048718e-16 -2.12132 1)
(-0.413849001899 -2.08055943102 1)
(4.1833 -2.12132 1)
(4.5971490019 -2.08055943102 1)
(-2.12132 0 1)
(-2.08055943102 -0.413849001899 1)
(-1.49999975707 -1.49999975707 1)
(-1.76381311797 1.17854224671 1)
(-1.49999975707 1.49999975707 1)
(5.68329975707 1.49999975707 1)
(5.36184224671 1.76381311797 1)
(4.1833 2.12132 1)
(0.7606 2.12132 1)
(3.0424 2.12132 1)
(1.1409 2.12132 1)
(1.5212 2.12132 1)
(1.5212 -2.12132 1)
(2.2818 -2.12132 1)
(2.2818 2.12132 1)
(3.0424 -2.12132 1)
(7.44829718206 1.17015795928 1)
(7.98315071768 0.805299887537 1)
(7.86505096812 1.66760904196 1)
(8.9371885324 1.07054882576 1)
(8.75212679846 2.27472035524 1)
(-1.35565687126 -3.51635185338 1)
(-2.28888281366 -3.85202765857 1)
(-1.19784946947 -4.31104326104 1)
(-2.12769410922 -4.9978222952 1)
(-1.96788236274 -3.23680447376 1)
(-1.51883832061 -2.9483964044 1)
(-0.385070169115 4.21548039562 1)
(-1.35761821635 4.7903870527 1)
(-0.937543920092 3.85725025112 1)
(-0.290307910032 4.96243772211 1)
(-0.627671436445 5.69551444526 1)
(3.72003394314 -4.57552856107 1)
(3.25473647213 -3.81977883593 1)
(2.94690889352 -4.43003425752 1)
(2.74400790865 -3.93547206059 1)
(3.80499438105 -3.81465748701 1)
(4.4414539463 -3.95866840794 1)
(6.84430905694 -2.03912364211 1)
(6.38795206508 -2.53860353988 1)
(7.24846002564 -2.69914897313 1)
(6.54975364429 -3.08100697017 1)
(7.05179094919 -3.49198493134 1)
(2.79769272274 3.22288878013 1)
(3.15830633521 3.39434214779 1)
(2.69885571617 3.72623475404 1)
(3.02346744249 2.90268637663 1)
(2.0625076262 -3.29152312187 1)
(2.43949115756 -3.21983412029 1)
(2.26298659404 -2.87056579839 1)
(2.82098748233 -3.36632439464 1)
(2.65007845779 -2.88282789983 1)
(0.0303493336044 -3.22673244416 1)
(0.487595245927 -3.20656667243 1)
(0.330744676848 -2.85306949631 1)
(0.947344222158 -3.39362003293 1)
(0.744683319533 -2.88437918208 1)
(1.34668293642 -3.84852229972 1)
(1.5512996381 -3.27742413634 1)
(1.8565378301 -3.85605205381 1)
(4.07976339976 -3.36554778572 1)
(3.59625471757 -3.3362328346 1)
(-0.890614534817 -3.11432560552 1)
(-2.56830148134 -3.12414262086 1)
(-2.98604840143 -2.60250170728 1)
(-3.21338861899 -2.05748180363 1)
(-3.88818212682 -2.31979384927 1)
(-2.65574142179 -2.10039760222 1)
(3.42054005492 -2.88950675799 1)
(3.22713556657 -3.25807860293 1)
(2.42179978616 3.27872898852 1)
(2.06124354659 3.21262237617 1)
(2.26334417648 2.86067538527 1)
(1.68821659112 3.29112706145 1)
(1.89167752284 2.85474463869 1)
(-2.44930164677 2.0880769382 1)
(-2.71175756026 1.76086692123 1)
(-2.32916528033 1.62303754255 1)
(-3.21129355598 1.61010273239 1)
(-2.69122258857 1.20098163081 1)
(7.04975827836 -1.54139777774 1)
(6.56314105284 -1.57674496081 1)
(6.83417517102 -1.11900420107 1)
(2.37711817224 -3.67094989719 1)
(0.869368914902 3.87082625513 1)
(1.42256692448 3.76740138122 1)
(1.32728986754 4.58202396624 1)
(0.229192916947 3.76013575431 1)
(0.618471617664 3.318427814 1)
(0.83489408322 -4.04389207981 1)
(0.337952427013 -3.68527562087 1)
(0.0740813441753 -4.61186878469 1)
(-0.479528457404 -3.65890466035 1)
(0.398441903656 4.49246675002 1)
(0.163625835819 3.25406471225 1)
(-3.92405419598 0.599047915719 1)
(-3.34946243759 0.226500891666 1)
(-3.2835350856 0.905909075833 1)
(-4.66163752998 0.311945547348 1)
(-3.9988879268 -0.319919892299 1)
(5.52798052528 -3.6705853001 1)
(5.15185951665 -3.18459459957 1)
(4.94989579938 -3.63947435945 1)
(6.28588547308 -3.67312508614 1)
(5.82586860913 -3.02611918354 1)
(2.02272383283 3.77631216428 1)
(2.44844062313 4.60000991924 1)
(-4.21152676887 -1.34144372799 1)
(-3.35893903869 -0.988386569837 1)
(-5.33839702381 -0.626336298845 1)
(0.483716017451 5.63093288914 1)
(3.74790591191 3.52595077817 1)
(4.21435293585 3.27545376856 1)
(4.4409744219 3.80070939331 1)
(3.4537636913 2.95093713364 1)
(3.22290513889 4.06108524525 1)
(5.10141435201 -4.10538506051 1)
(-0.352585788821 3.43020484349 1)
(-1.68260108806 3.64299921181 1)
(-1.0351125105 3.23425709066 1)
(3.319366909 4.82278674605 1)
(2.3496623514 -4.35055830087 1)
(1.46840948633 -4.68017366083 1)
(2.75999297118 -5.46307394306 1)
(-2.19891281072 -2.65053890696 1)
(-3.32647335552 -3.30931097706 1)
(0.809497548329 2.87544974743 1)
(0.582523571447 2.48682735543 1)
(0.960696247677 2.46688257706 1)
(0.393897632677 2.87289183946 1)
(6.24390836478 3.1463825551 1)
(6.05496895101 2.84467813997 1)
(6.44695551956 2.57299821874 1)
(5.66915874476 3.1401265457 1)
(5.83315320872 2.47546073375 1)
(4.5876072243 -3.3045187779 1)
(4.28743762687 -2.89063940452 1)
(5.79252345371 -2.40837309424 1)
(6.23378717902 -2.01817884987 1)
(-0.403566881711 -3.11625783145 1)
(-0.569319860268 -2.7598871926 1)
(-0.10872088967 -2.82143925462 1)
(1.86879895922 -2.86267949566 1)
(1.14590214034 3.27034626662 1)
(1.49361135447 2.84827595021 1)
(3.95494571339 4.39271245211 1)
(4.99699554285 4.68946738329 1)
(4.65323223923 3.25800974128 1)
(5.15293307197 3.66589971318 1)
(-2.5332657136 4.19813744733 1)
(4.00152635576 5.4562751666 1)
(4.01034280078 -5.61652910787 1)
(4.88669940081 -4.91683784619 1)
(6.06665452499 3.98826027253 1)
(-1.03849416537 -5.22861044976 1)
(-3.59651449452 -4.58771845201 1)
(-0.27530339951 -5.95051838666 1)
(0.749623944228 -5.58016831656 1)
(-0.545811556714 -7.12002277112 1)
(0.769980993466 -6.92328791904 1)
(6.28899714166 5.47096150195 1)
(7.01878775584 3.20281046038 1)
(7.34559259546 4.51935432884 1)
(-4.63091081534 -3.3696815744 1)
(-1.6963615744 6.30423081534 1)
(-0.401719667993 6.84048905139 1)
(1.62439650921 -5.95211499378 1)
(3.74835966799 -6.84048905139 1)
(1.72767991322 5.75063049608 1)
(0.972664849164 7.11387112939 1)
(-2.91405348179 2.35565379575 1)
(-2.68376559395 2.90775281354 1)
(-3.26824410421 3.27271849481 1)
(-2.19771319223 2.65338613201 1)
(5.85295940144 -4.39481351137 1)
(7.14409541775 -4.49822333564 1)
(3.89394038445 2.92720906539 1)
(-0.576290912044 2.83793084949 1)
(-3.74329107404 1.28438458678 1)
(-3.26493166771 -0.3372113359 1)
(-2.86913676009 -0.0184517407057 1)
(-1.60922345371 -2.40837309424 1)
(-4.50751112185 1.18546728499 1)
(-5.55881492116 0.754539641048 1)
(-2.84086976312 0.56508413 1)
(3.832960286 -2.91060663961 1)
(5.29143886442 -2.67528387547 1)
(4.76483334535 -2.81256618587 1)
(6.56641517881 1.57685354359 1)
(6.69682288147 2.01741719583 1)
(6.23133061176 2.02012776232 1)
(7.15021024925 2.2708786502 1)
(2.64628925378 2.85921233432 1)
(7.40525136903 0.726000894963 1)
(7.03288686305 0.457500441005 1)
(7.67728876115 0.147213556755 1)
(-1.58409016807 2.96400691051 1)
(-1.95302600745 3.14838452772 1)
(-1.10813886442 2.67528387547 1)
(7.47012602007 -0.435355581795 1)
(7.06016299769 -0.0760881846376 1)
(8.16463645549 -0.556495091899 1)
(5.26575863056 2.68888695333 1)
(-2.9866493049 -1.59639731265 1)
(-3.55032183999 -1.66831854674 1)
(-2.40837309424 -1.60922345371 1)
(-2.67604080233 -1.10845239379 1)
(6.92264071634 1.05803944581 1)
(7.10823952934 1.62682597278 1)
(3.03628717482 -2.87508010384 1)
(-2.04815295877 -2.04815295877 1)
(-2.84086976312 -0.56508413 1)
(-3.92390154563 2.15282038392 1)
(-2.01069410577 2.04626977348 1)
(-1.60922345371 2.40837309424 1)
(4.77969940281 2.79133503346 1)
(4.33571172175 2.86538986466 1)
(7.78240856807 2.55960136644 1)
(8.69541957032 0.122834304313 1)
(7.49578225271 -1.07499578459 1)
(6.99246542089 -0.60517085328 1)
(8.49480599084 -1.3885540607 1)
(9.15439613786 -0.710112985371 1)
(7.5827557407 -1.86066775124 1)
(-1.07446676479 -2.64619967724 1)
(5.09058295807 3.11882494296 1)
(1.17874292604 -2.88285167705 1)
(1.15167993773 2.78186679281 1)
(-2.37755108036 3.30857120262 1)
(2.94945232761 5.72570114339 1)
(1.52124398402 -2.7976166338 1)
(-0.0708471993744 2.88866331001 1)
(3.23790329974 2.5031709417 1)
(3.64136634489 2.51957231004 1)
(2.08619982654 -2.47814290762 1)
(1.70605120913 -2.47530337376 1)
(1.7048419663 2.47885841357 1)
(2.09001292047 2.47682043145 1)
(2.46904202904 2.48192354246 1)
(3.2315311958 -2.48026645023 1)
(1.33736448501 -2.47074120549 1)
(0.566261380895 -2.48031867493 1)
(8.07980443159 -3.53658413691 1)
(-3.85238452451 4.53482850765 1)
(-2.86150850765 5.52570452451 1)
(6.20814850765 -5.52570452451 1)
(3.74835966799 6.84048905139 1)
(-1.6963615744 -6.30423081534 1)
(-3.01387913703 -5.80081316517 1)
(4.45898026281 -2.46086382229 1)
(4.03689069385 2.49347671954 1)
(5.34823596899 -2.17944190615 1)
(-2.36483227436 0.717364027716 1)
(-1.56774007429 -1.91029680773 1)
(4.90066402772 2.36483227436 1)
(-1.56774007429 1.91029680773 1)
(-0.717364027716 -2.36483227436 1)
(-2.17944190615 -1.16493596899 1)
(5.75104007429 1.91029680773 1)
(-2.45934346449 -0.242224189155 1)
(6.63462575782 -0.266271497196 1)
(6.55731396957 0.69419575606 1)
(-0.717364027716 2.36483227436 1)
(2.8510613951 -2.48514250717 1)
(4.020497575 -2.49526563795 1)
(3.61501612437 -2.49084695009 1)
(4.46318804324 2.45390027744 1)
(1.32882158436 2.46975395561 1)
(0.149132863961 -2.4727700736 1)
(2.47084353694 -2.4883872451 1)
(-0.255663930831 2.45533140004 1)
(0.175691130015 2.48961953774 1)
(-0.273787984308 -2.43915301574 1)
(-1.16493596899 -2.17944190615 1)
(6.54813227436 -0.717364027716 1)
(6.63851442296 0.214843084358 1)
(6.36274190615 1.16493596899 1)
(6.36274190615 -1.16493596899 1)
(5.75104007429 -1.91029680773 1)
(6.09359680773 -1.56774007429 1)
(4.90066402772 -2.36483227436 1)
(6.09359680773 1.56774007429 1)
(5.34823596899 2.17944190615 1)
(-2.17944190615 1.16493596899 1)
(-2.45934346449 0.242224189155 1)
(-1.91029680773 -1.56774007429 1)
(-1.16493596899 2.17944190615 1)
(-1.91029680773 1.56774007429 1)
(8.24121969153 3.44699963609 1)
(-5.28955776012 2.06804157978 1)
(-4.63091081534 3.3696815744 1)
(-5.16716905139 -2.07503966799 1)
(8.48607776555 -2.40463627573 1)
(-2.36483227436 -0.717364027716 1)
(5.0430015744 6.30423081534 1)
(5.0430015744 -6.30423081534 1)
(2.37397515084 7.11387112939 1)
(2.32315018385 -7.05551027198 1)
(0.957411465325 -2.48984853882 1)
(2.84684935218 2.48556692223 1)
)


// ************************************************************************* //
