/*--------------------------------*- C++ -*----------------------------------*\
| =========                 |                                                 |
| \\      /  F ield         | OpenFOAM: The Open Source CFD Toolbox           |
|  \\    /   O peration     | Version:  2.4.0                                 |
|   \\  /    A nd           | Web:      www.OpenFOAM.org                      |
|    \\/     M anipulation  |                                                 |
\*---------------------------------------------------------------------------*/
FoamFile
{
    version     2.0;
    format      ascii;
    class       volVectorField;
    location    "0.0002049282";
    object      qWall;
}
// * * * * * * * * * * * * * * * * * * * * * * * * * * * * * * * * * * * * * //

dimensions      [1 0 -3 0 0 0 0];

internalField   uniform (0 0 0);

boundaryField
{
    farfield
    {
        type            calculated;
        value           uniform (0 0 0);
    }
    wall
    {
        type            calculated;
        value           nonuniform List<vector> 
1350
(
(66460.9598093 44285.0767554 47447.6936456)
(59923.9647417 38530.9187443 47874.9382101)
(52539.3707583 31725.6507771 46948.5607494)
(45631.7034994 24621.6152289 45752.9239613)
(40977.71217 18087.5417264 45220.4000899)
(37924.5878779 12132.8593549 44960.2866875)
(35759.5278537 5888.02510597 44561.0526939)
(34908.1606759 216.699912123 44279.4387573)
(35274.4610391 -5818.63743132 44112.6832996)
(37450.3748485 -12025.4681696 44537.0328701)
(40789.9331776 -18228.2537378 44972.1647958)
(45995.6782107 -24731.9650883 45987.5392365)
(52368.6881883 -31353.0529288 47001.1045072)
(59407.1015413 -38215.3729672 47511.0910265)
(68170.5126288 -45462.1752759 48401.6314304)
(87334.7316317 51674.0942996 55544.2303634)
(79610.8663295 44920.6998824 56836.1868652)
(71803.8679936 37903.6088369 56891.062023)
(63850.4513136 29916.6136425 56213.3299402)
(57648.6080339 22108.8663008 55655.6691767)
(53174.6884 14429.7083694 55218.4866833)
(49703.9225598 7555.98073241 54201.7984419)
(49708.3181102 -34.2975572706 54837.2919761)
(50350.6245985 -7213.68572072 54771.5718423)
(53504.4492177 -14530.4024269 55450.1208921)
(57922.9083837 -22140.4284582 55865.3027197)
(63956.4737219 -29729.2980569 56382.1113716)
(72245.1083413 -37940.0647812 57171.531814)
(80392.6033331 -45333.8661551 57245.4749206)
(86893.0162963 -51324.743286 55446.3469294)
(113756.424985 59536.1290088 64216.0157491)
(107220.716348 53060.0239581 67055.4818468)
(97902.3423193 44903.7931724 68012.067267)
(88923.9044968 35959.7208842 68291.5913357)
(82028.5794678 27373.2524201 68435.1764634)
(76286.6698011 18249.6728317 68268.3561634)
(73089.9274625 8772.88772467 68410.7286188)
(71627.1015192 36.2018967726 68150.9299604)
(72889.3014302 -9101.34147703 68228.0338217)
(76023.7390765 -18154.2039955 68115.8146381)
(81923.766107 -26852.1969321 68555.8263183)
(89617.6478819 -36287.631526 68537.3563042)
(97438.9304572 -44607.9912803 67855.6750375)
(107305.049967 -52899.1518104 67164.0883069)
(114180.954695 -59777.7791481 64168.4713964)
(147750.310884 67724.7414253 73178.2789338)
(143001.648692 60694.1431564 78439.8690787)
(134767.762079 53183.1402909 80712.7261145)
(125237.096342 43436.4243157 82309.0279638)
(116853.509002 32961.72839 83449.453786)
(110616.139275 22268.8875559 84223.9945585)
(106139.404198 11187.8775048 84462.0356016)
(104370.418211 -107.480431435 84436.0868613)
(105607.279283 -11109.4919393 84198.3043633)
(109640.335252 -22202.4426448 83746.2660876)
(116215.739867 -32963.7167099 83085.1393761)
(124328.340654 -43134.1865542 81955.0230863)
(133868.379343 -52758.1097911 80449.7303395)
(142871.875309 -60578.4095943 78427.7145139)
(147285.686485 -67511.5057921 73021.0071614)
(188521.157235 75290.8109602 81372.523245)
(189767.828597 68874.8885936 89593.2879405)
(182699.784865 60655.8851862 93807.8730925)
(172699.053115 50628.5591416 96442.7352458)
(164007.556411 38849.5225834 98965.775877)
(157623.168162 26636.4275921 100953.027184)
(153556.151883 13297.4238059 102377.359331)
(152721.421326 22.3724737665 103111.402168)
(154089.894635 -13089.7530922 102626.752027)
(158141.027837 -26333.6798665 101234.565891)
(164287.776345 -38735.0778626 99069.6921271)
(172324.96935 -50414.4510485 96310.7690688)
(182083.677989 -60654.0940641 93452.4192256)
(188105.350202 -68265.0276972 89229.9893035)
(187579.154195 -75070.4727124 80924.4210969)
(235067.00872 81047.2004047 88343.96563)
(243802.175139 73923.5668385 99544.0290498)
(241486.515327 66791.0905064 105108.997289)
(234727.240315 55539.9868879 110138.883613)
(229008.848795 43654.9678057 114629.143334)
(224366.952029 30435.1995541 118064.585219)
(221222.963519 15355.2143697 120552.320811)
(219691.126557 -69.1912934114 121436.005893)
(220740.004299 -15588.1681473 120378.725974)
(224027.963895 -30472.0288888 117937.055352)
(228786.05233 -43800.9677645 114408.518175)
(234524.348824 -55859.2891152 109799.017862)
(240455.181596 -65887.6915887 105134.680381)
(243348.28564 -73650.6821364 99429.5924344)
(234213.621112 -81488.7504921 87766.8697412)
(286737.54572 85944.1984944 93149.6755071)
(305576.124926 75482.6376326 106595.187613)
(309628.439674 66776.5056874 114261.746543)
(310826.678729 56716.8741912 120959.871323)
(311662.138949 44557.1768464 126982.332003)
(312981.144092 32297.0779138 132030.089901)
(314693.30185 16368.6427137 136139.535484)
(315789.310016 -391.520438488 137813.787406)
(314898.731593 -16707.5448615 136114.508706)
(313675.532505 -31845.2893666 132233.957097)
(311332.031738 -44739.3216499 126867.492536)
(310633.509227 -56382.9967909 121025.417505)
(309450.56691 -65852.5875044 114484.980929)
(301793.775656 -73611.5013934 106333.248254)
(280942.571373 -84462.5317514 91716.4255144)
(399770.016763 89349.1029927 105018.416846)
(397135.5434 75579.5968529 114429.941358)
(409186.770357 65547.2891397 123378.086709)
(413610.87996 55383.1759652 129199.771924)
(421752.347905 43362.9907445 135604.84677)
(429743.598724 29694.2303274 141218.708417)
(432753.598151 11395.1184389 145783.505391)
(436783.073844 7.61715633492 145001.512687)
(433751.506887 -11108.8357958 145871.226856)
(428887.923438 -29875.0934189 141293.635194)
(424307.539639 -44180.2712031 135745.481412)
(419296.705905 -57077.0986672 129283.783955)
(416909.889912 -67865.5149712 123673.917388)
(409546.547995 -77535.9918241 115316.750615)
(428711.674786 -93209.0651265 105695.33083)
(564795.243031 98169.5749044 103058.211981)
(521933.108925 76949.2747107 118552.49638)
(536713.533835 63686.0225754 128293.904821)
(538627.683575 52836.3457183 132790.068018)
(544487.116274 39105.3020712 139071.721898)
(528008.870382 27586.7603603 142507.997738)
(489084.718772 18167.3681236 141297.103127)
(481667.121579 -499.667231495 140398.039337)
(489361.148751 -18761.5294752 141230.777564)
(529728.687502 -26722.313303 142615.396397)
(544756.157692 -38772.4431635 139115.578975)
(537748.323295 -53366.623132 132048.231347)
(531993.151453 -62431.1395303 128762.559339)
(517052.929808 -76038.0319794 118567.238584)
(558383.101312 -97505.9885359 103080.731511)
(703011.942554 90303.9823666 95235.1853034)
(648077.958497 71780.1777904 115508.045308)
(676719.168994 56431.7971245 128005.58033)
(674001.390503 50808.5136249 131850.219579)
(668589.841257 40855.0233188 137220.709193)
(635143.348435 36669.3638431 139065.888003)
(628575.463464 20080.4883853 141844.252795)
(629681.165095 370.40875435 143007.19356)
(629910.665427 -21350.5872754 141497.517294)
(635949.74461 -37292.9979768 139070.014508)
(670249.936767 -42110.5141002 136932.955504)
(673319.438728 -51253.7446411 132209.392761)
(678025.851798 -57038.2834445 127735.853078)
(650001.318821 -71438.9673179 115651.062564)
(703811.98217 -91513.8877204 94310.1840041)
(884088.959466 75366.2752141 76681.9531554)
(833419.384465 64775.9018022 100309.678063)
(852989.430794 52497.7237396 117880.449348)
(836715.448895 49866.9708536 125449.977003)
(815107.655873 47012.454406 128496.367878)
(802213.250185 39613.6006124 133536.483705)
(802210.864819 21751.3124984 138138.565116)
(800639.401091 469.300441752 139190.3099)
(804036.636847 -20855.1196759 137529.713618)
(801444.443858 -41295.1508328 133658.939996)
(816862.047546 -47473.0814122 128522.86092)
(839113.326334 -48198.1294704 125736.150968)
(854314.377681 -51460.7098617 117903.397261)
(834321.96395 -64774.9968934 99491.0230366)
(882238.006778 -76093.783842 75802.9080072)
(1072538.12619 52197.4433541 48787.6791199)
(1046937.82958 54510.7658131 65908.0853736)
(1039396.98524 43179.9235203 100075.13663)
(997001.263714 47399.104032 109590.958496)
(981614.469338 48598.7163217 113913.362415)
(989596.482404 34522.5739384 119287.427304)
(995026.299008 19364.8191204 123542.139917)
(1000553.25556 -145.803966364 123880.412464)
(994494.271579 -19373.8612788 123990.812146)
(991063.70541 -38616.7516485 117924.242005)
(984681.807001 -47555.0039209 113944.421978)
(1004940.52642 -48619.1338066 107439.252128)
(1038871.98087 -42504.9850425 101052.383069)
(1050146.52182 -53186.2275473 65696.7227352)
(1073151.31378 -52033.0970113 48353.4871931)
(1286117.68917 13602.1762376 8355.47468246)
(1281779.44331 38238.1207452 14853.5995954)
(1184683.86434 44974.6181112 77473.6940246)
(1144408.87729 47439.499723 86952.1213775)
(1163916.83976 43033.8603527 88727.0199625)
(1183798.5201 33853.7292338 91994.3744602)
(1202700.57364 19791.9868235 91954.4658495)
(1207557.49004 -108.704924565 93434.4220561)
(1206154.31075 -19460.7212967 89961.5186149)
(1183548.599 -33140.9656223 92320.323142)
(1166717.91403 -41969.1240509 88216.9286666)
(1147965.55775 -50426.6416613 86947.7795125)
(1181894.74154 -43023.2902381 78988.8262475)
(1278933.44461 -41324.0440644 15852.4984971)
(1288659.6492 -14385.8621603 7768.55186171)
(1500717.26334 -34651.8455366 -41375.1251616)
(1439652.68667 33027.2122856 -28166.6809809)
(1241873.98713 63883.2026266 53941.5013926)
(1290799.77551 53963.3500153 49563.3195183)
(1350863.09923 45285.9434289 46691.0581097)
(1394550.57834 25374.4292738 39834.9837975)
(1425979.9671 14923.9926151 34606.6836734)
(1441705.46059 719.905591378 30506.9736016)
(1420610.12629 -14999.463922 39222.093056)
(1396805.16128 -29197.1910764 38658.8727844)
(1344864.7046 -42074.6978889 49180.0328446)
(1293143.44402 -55203.4272161 53580.8853384)
(1232281.78329 -61380.1306734 58901.0747179)
(1383193.55049 -40504.9473724 -2187.93843097)
(1515873.83885 27802.0321118 -43737.7823197)
(1717749.12347 -92577.1553288 -98184.3360784)
(1405543.6187 -22656.3844278 18351.1366838)
(1727092.69491 -65627.6193403 -62764.9011828)
(1715949.70713 -60902.9421908 -72367.1050644)
(1823738.03678 -76655.7307176 -118813.065822)
(1854971.58716 -78047.123823 -153107.091564)
(1889158.75305 -44217.3928829 -174941.649511)
(1890765.44727 -363.150781735 -181994.850147)
(1887361.75069 39766.6850089 -175674.897073)
(1871599.56096 71391.481723 -157874.865403)
(1811464.41591 80148.5611218 -111960.658698)
(1712561.23895 65013.9203818 -72551.5808616)
(1696600.79325 48859.3432454 -49446.4684731)
(1454797.04485 16802.5520331 12858.1523127)
(1696976.27968 117939.652292 -49242.144419)
(53393.5956416 40366.1647512 40238.7187111)
(47348.6978983 40171.1430063 35256.333112)
(39414.1333187 38456.6344786 27989.3057921)
(33646.6309538 37336.0400592 21736.4124209)
(29119.463729 36300.1634337 15762.0943815)
(25961.3633376 35560.0155721 10109.0786696)
(24049.5223273 34944.8581781 5142.28703445)
(23635.1631293 35032.1913647 17.0301098376)
(24147.1093538 35091.3052621 -4921.74768828)
(26524.4390107 36121.0501032 -10283.8010843)
(29505.4548018 36768.6596836 -15651.0330008)
(33781.9474887 37532.5805548 -21631.9252092)
(39603.1307246 38673.5486446 -27943.5318355)
(46462.7714315 39660.3800784 -34541.9690309)
(54717.1836005 41221.5036707 -41340.926624)
(46848.1414666 34808.64037 40018.4325908)
(37718.1796041 32504.4383584 32910.2730971)
(30628.4172199 31224.9464007 26268.7490188)
(25116.0504449 30125.288504 20157.8082529)
(20646.1198586 28782.5003996 14540.7199346)
(17592.020274 27889.6785062 9346.69067036)
(15699.6020846 27181.6750367 4689.98783975)
(14794.0786086 26600.9514578 -26.9514686329)
(15494.4203659 26950.6809841 -4506.94417858)
(17176.8944696 27368.9182324 -9335.96151024)
(20581.0574994 28706.5235185 -14518.7915829)
(25232.9194342 30146.5381974 -20299.6401173)
(30848.0138397 31293.7138772 -26480.827328)
(37843.2898274 32815.6898481 -32765.8326593)
(46575.2478668 34675.5058738 -39688.618858)
(39712.616394 27924.7875768 38844.8122022)
(30981.1503354 26270.4997789 31660.6909152)
(23778.9921837 24833.1473181 24828.8300215)
(18547.0448059 23735.9121805 19057.4690224)
(13873.1615448 22095.1339548 13337.5636329)
(10629.2763248 20795.7669761 8361.8082709)
(8544.86067799 19686.2636723 4045.57731846)
(8034.40716063 19577.5046944 -95.6722684411)
(8635.42462009 19852.235709 -3931.70544336)
(10651.7378376 20861.1889568 -8292.03456609)
(13763.3269395 22016.711053 -13190.9881925)
(18256.6413116 23564.2014436 -18706.85384)
(24063.3180325 25029.9803631 -25028.2982775)
(31018.5221417 26298.5285354 -31677.1366176)
(39066.9568635 27676.6924768 -38311.579348)
(34054.1010415 21855.6415974 37720.3259958)
(25336.1748101 20391.1195242 30217.3765077)
(18271.0447015 18811.8635972 23520.2040614)
(12373.4369598 17106.4000724 17156.9372368)
(8058.22837363 15636.2573537 11878.2884793)
(4937.59395689 14381.1829513 7235.61507876)
(3252.59065026 13817.2489609 3490.00185942)
(2520.50856224 13320.1955268 -14.7070479689)
(3101.77093928 13565.424663 -3345.45600066)
(4958.89724066 14398.7571343 -7268.20735945)
(7984.03270483 15610.0364445 -11709.3846487)
(12440.4874056 17116.3642211 -17265.8586267)
(18179.091274 18721.3535699 -23427.2248447)
(25285.5988616 20357.5011135 -30167.0923859)
(33653.4207463 21659.0563057 -37392.0883436)
(29526.0217886 15939.0019202 36665.1039782)
(20598.5074969 14333.8205215 28835.1970243)
(13774.6878511 13314.4094384 21966.0428112)
(7993.70098949 11785.281381 15585.2795739)
(3826.83383713 10512.4271686 10537.742048)
(734.040319764 9290.55973759 6291.98131247)
(-1056.54637477 8679.5872038 2930.5628906)
(-1706.84168365 8368.21087965 -15.7083391657)
(-1036.45913723 8732.13684795 -2928.97828801)
(809.144705803 9465.19403974 -6314.33606744)
(3812.36516319 10528.4892106 -10486.0168582)
(7967.35014451 11744.6621342 -15558.9555829)
(13676.7744104 13138.3611963 -21917.9343088)
(20501.2875032 14298.2219536 -28713.0948349)
(29287.403001 16025.9706783 -36360.3456887)
(26108.6184344 10325.5133364 35660.3481614)
(17797.0193631 9407.29334884 28138.9009497)
(10596.2222857 8356.10406994 20755.9028458)
(5004.23029756 7273.17485417 14485.3720543)
(750.597654151 6250.11217385 9361.04842545)
(-2230.02257816 5533.34439208 5541.33673091)
(-4192.08875543 4839.94440769 2414.92379772)
(-4842.227388 4662.86483461 -7.12868206732)
(-4199.29743691 4810.66711645 -2402.45335615)
(-2262.10858935 5451.94524898 -5493.61051491)
(751.594758598 6227.97262001 -9367.39995208)
(5056.45098715 7369.26612465 -14526.0773855)
(10435.7467335 8258.66224164 -20545.8072887)
(17542.1711055 9292.45108207 -27853.3445542)
(25873.027997 10129.6842378 -35440.8050705)
(23860.1251415 5144.59332391 34750.8491525)
(15657.6679581 4524.08657006 27162.0416194)
(8603.26445348 3911.50606136 19804.5792341)
(3076.57537887 3411.61716828 13507.0739724)
(-1076.73492386 2902.30920053 8625.85455528)
(-4197.20630507 2377.38059738 4831.31071772)
(-6143.60802359 2143.82137391 2156.89303317)
(-6859.73822173 1973.42675964 -1.81236175049)
(-6140.76454843 2139.127097 -2174.8398885)
(-4187.42187901 2435.23497175 -4836.51873633)
(-1080.16194436 2927.58718401 -8606.18359767)
(3152.36016068 3424.43379135 -13641.3868447)
(8594.64621776 4016.62576721 -19759.6792177)
(15669.9396036 4647.00364077 -27159.4259761)
(23841.1014629 5100.22466818 -34726.5698201)
(23262.5081119 -142.018976448 34628.8626454)
(14848.3540173 21.8465029315 26678.9637878)
(7868.80800247 58.0875697828 19332.2444073)
(2526.39496795 -17.9172999602 13326.7215885)
(-1741.4942158 40.5026563155 8271.13096356)
(-4847.03628019 -1.84301902071 4642.08498612)
(-6856.56921074 -12.1622343724 1989.99231067)
(-7682.78918068 -23.5015922014 -5.53487493152)
(-6851.92087045 23.0349211168 -2009.84332472)
(-4833.87398058 -18.2889488881 -4693.91045402)
(-1721.02116845 -28.669673449 -8321.11840271)
(2507.98099078 30.428518052 -13287.2293826)
(8175.39062302 12.6650159174 -19787.6945029)
(14828.1571951 -36.1431794613 -26657.574315)
(23283.4704022 22.4076335734 -34643.4723139)
(23945.9047243 -5189.02403232 34844.0298314)
(15623.4079232 -4536.62493287 27115.1703343)
(8520.93038136 -3961.54183785 19669.5865288)
(3124.72925993 -3378.74976957 13594.9255403)
(-1031.75872912 -2871.34565192 8751.6407767)
(-4167.7714224 -2449.5442687 4903.3619414)
(-6151.60392029 -2108.97108081 2119.28332668)
(-6855.36928216 -1981.83391661 -4.27403820598)
(-6136.95120784 -2186.97724363 -2139.89357908)
(-4169.66836263 -2443.18864811 -4903.50352768)
(-1058.80797138 -2898.6054574 -8676.78700742)
(3102.63460018 -3389.81857164 -13551.2692324)
(8670.24039151 -4063.30627167 -19867.7512699)
(15627.0985942 -4542.45097482 -27125.6455844)
(23799.8519043 -4956.47865077 -34696.7783808)
(25792.0589403 -10221.2225889 35357.6327907)
(17456.3424586 -9212.86257792 27772.416739)
(10388.138917 -8244.67164732 20484.9453405)
(4963.69696325 -7263.49636453 14411.4756477)
(754.711129888 -6259.06536419 9356.829753)
(-2262.91615633 -5433.50294091 5502.02107323)
(-4207.09452258 -4772.92057649 2406.54166697)
(-4846.29083709 -4644.19393492 0.54271455414)
(-4183.30940202 -4849.45956689 -2428.7464737)
(-2248.39552964 -5512.07718095 -5483.27470504)
(781.11826315 -6254.85431183 -9428.71931463)
(4998.01831937 -7293.5121758 -14453.422185)
(10598.5857524 -8388.72381783 -20741.3994655)
(17330.2042339 -9139.05096191 -27633.8025086)
(25791.6182889 -10403.9908063 -35294.9609911)
(29116.4363606 -15788.7842368 36316.0246707)
(21038.4241066 -14796.3269921 29160.092858)
(13574.5312679 -13087.1978367 21792.9117687)
(8103.91617466 -11897.7062269 15701.9497634)
(3819.29712758 -10482.4391937 10543.3163678)
(762.523858846 -9351.17336554 6301.65631596)
(-1048.68329588 -8695.83903452 2910.48308982)
(-1733.67114755 -8289.81478765 63.8005247991)
(-1087.42097809 -8597.43224273 -2927.35669844)
(720.819176051 -9299.52107842 -6222.62601694)
(3754.99380362 -10412.9494735 -10454.7140273)
(8146.01747574 -11890.9966214 -15787.3751485)
(13793.2904282 -13198.5835566 -22049.4259445)
(20823.2498115 -14500.5753034 -29021.9789148)
(29382.4049683 -16103.632289 -36458.8059046)
(33511.1398618 -21494.955754 37336.669443)
(25578.5961685 -20545.0548987 30456.7052668)
(18629.7990663 -19095.1811694 23826.0965208)
(12529.7714065 -17369.9977234 17193.526952)
(8003.62368811 -15634.0144909 11733.8762545)
(5129.289508 -14685.0151737 7345.55089541)
(3145.87098819 -13628.9018275 3421.30908719)
(2462.37322214 -13211.3872916 -39.5445231866)
(3030.97436101 -13426.808491 -3375.45888999)
(4986.95273032 -14456.7913078 -7267.65145438)
(8099.7197629 -15645.3751205 -11963.0583685)
(12319.7061315 -17047.4103515 -17095.9545175)
(18284.8145627 -18832.6649895 -23506.5097763)
(25399.609064 -20381.459786 -30327.7876384)
(33374.9912791 -21413.7521473 -37230.5795683)
(39956.3963108 -28138.5790424 38935.4458795)
(30733.7760102 -26230.9362666 31376.8100355)
(23972.357714 -24887.9369948 25067.8681346)
(18189.3250175 -23432.7173185 18766.0933699)
(13802.6515025 -21963.5365278 13390.2831016)
(10413.0380868 -20489.7524657 8312.60229029)
(8662.38003601 -19867.4481057 4014.8347092)
(7992.83426918 -19514.1473786 38.5706491554)
(8622.36239571 -19810.7940677 -4002.15693723)
(10549.5938661 -20710.164622 -8274.24980499)
(13634.3848884 -21850.5298878 -13140.8809967)
(18284.4547628 -23394.2971759 -18972.8160232)
(23749.6094257 -24709.7478236 -24890.9455039)
(30871.6802043 -26302.9987621 -31484.4852123)
(39351.3362489 -27888.6030815 -38450.2880909)
(46588.634285 -34569.4371604 39755.136869)
(37508.0292651 -32575.2407896 32616.1335978)
(31127.0262611 -31590.5218702 26610.8649081)
(25182.2819395 -30158.5328056 20220.257133)
(20640.0320166 -28827.9949569 14462.6804641)
(17492.7774134 -27776.0881265 9357.91029421)
(15678.1291651 -27186.9103063 4560.94121298)
(14881.3323707 -26718.8002801 144.274298495)
(15631.8402033 -27121.200878 -4528.83533873)
(17338.2328273 -27600.747992 -9267.31324374)
(20591.3440073 -28796.7374852 -14347.0824075)
(25348.6709984 -30202.5333062 -20432.6501567)
(31117.5084061 -31673.6840021 -26459.7233065)
(38052.9093132 -33101.4351532 -32754.8477821)
(46605.5677 -34736.45289 -39675.9710467)
(54817.6555019 -41263.7413686 41264.5237749)
(46598.6208647 -39776.2401198 34527.3304441)
(39452.6702673 -38668.9278604 27751.5081175)
(34169.6675404 -37843.7621368 21863.8255012)
(29153.3711448 -36397.3600988 15649.285567)
(25954.9098534 -35449.7696306 10481.0078507)
(23625.5493876 -34502.4117449 5119.23315346)
(23169.5487417 -34523.7450545 -0.0459418862848)
(23922.434016 -34838.7957113 -4928.18427027)
(26238.1687091 -35787.7018267 -10321.5755541)
(29598.6569898 -36807.8216314 -15810.8692282)
(34276.1289783 -37901.9999746 -21979.5876566)
(39749.3218122 -38729.4472768 -28155.6937574)
(46329.1261034 -39617.3945963 -34521.9843421)
(54289.5286886 -41211.104139 -40783.4841579)
(66317.6587812 44044.948043 -47393.3992276)
(60281.316608 38550.2213334 -48172.9902553)
(52120.5947041 31435.2142418 -46724.2872508)
(46144.2716937 24806.9495323 -46086.9765582)
(41296.6839223 18124.589407 -45473.8122931)
(37714.4463753 12144.5173798 -44734.349156)
(35490.6249186 6024.63660089 -44265.7924653)
(34747.9726305 -209.072736719 -44095.3560009)
(35636.7190104 -5824.61126487 -44439.9171766)
(37399.6984831 -12090.588744 -44463.4607794)
(40977.3081862 -18161.4241301 -45154.3541484)
(46041.5760579 -24739.1673564 -46038.1668027)
(52075.0324945 -31327.1247109 -46745.3768128)
(59921.7562253 -38601.6015145 -47726.2668834)
(67397.3053461 -44875.1081129 -47811.9420115)
(87194.7485903 51716.6483305 -55353.2541318)
(80486.9468746 45343.0189054 -57159.2857085)
(71442.1315862 37545.2039235 -56778.3523918)
(63676.9946401 29811.3977083 -56114.5244367)
(57743.1401439 22190.6795497 -55675.7304213)
(53248.715865 14501.3757294 -55229.8507126)
(50988.5274712 7148.02654266 -55259.4445237)
(49504.5903833 68.0441291772 -54664.6316915)
(50615.7599442 -7321.7076883 -54941.5557828)
(53172.9112112 -14425.5047474 -55200.4863825)
(58051.6446485 -22237.1991864 -55905.0776007)
(64215.6280942 -29995.9305641 -56437.0086427)
(71574.172376 -37730.8316869 -56778.6691518)
(80700.1244255 -45523.1944091 -57313.0195959)
(87164.1432203 -51659.3782778 -55378.446664)
(113625.954765 59377.1066173 -64162.8746818)
(106987.419146 52684.3353145 -67147.6153199)
(98144.3488903 44879.6534125 -68129.246626)
(89467.8340463 36259.3587654 -68433.2405198)
(81190.5683821 26814.9118894 -68079.8713921)
(76861.4268323 18409.9068567 -68582.1132004)
(72946.0096661 9216.32192981 -68225.3419531)
(72010.177188 -180.338382393 -68391.7749012)
(72907.5962766 -9209.67434589 -68224.9922031)
(76225.0015582 -18224.8793692 -68222.4367087)
(81493.5243244 -26883.1210852 -68263.3186587)
(88924.7911165 -36080.5118148 -68185.2110108)
(98339.2146489 -44881.8305592 -68269.1461749)
(107638.305295 -52806.7242874 -67480.9093881)
(113686.206861 -59413.7047997 -64175.1913529)
(148209.66742 67865.1843536 -73199.814875)
(142875.816591 60591.5376153 -78398.3051359)
(134433.585077 52810.2431883 -80692.3599672)
(123917.574528 43093.4601733 -81736.9708317)
(116667.006916 33102.6235274 -83244.0733674)
(109928.486471 21993.1087317 -83918.6963945)
(106076.835868 11190.1551 -84427.4184166)
(104656.713558 -99.6442930592 -84574.7720732)
(106541.129093 -11199.4515258 -84664.0556657)
(109407.972789 -21891.3002635 -83678.6427344)
(116328.93185 -33110.1793869 -83079.3305348)
(124529.113966 -42977.7584235 -82160.9616608)
(134286.570666 -52752.197634 -80661.7655553)
(143227.873717 -60892.0901795 -78388.1338049)
(148164.542005 -67924.86096 -73109.3208103)
(187263.897009 74963.1292037 -80944.8585859)
(189241.497139 68150.689551 -89841.4661079)
(182434.359562 60459.1491411 -93732.1629575)
(173047.780059 50083.9145624 -96761.7960259)
(163935.474145 39045.217123 -98833.6887645)
(157580.937943 26594.2525578 -100924.234713)
(153677.355671 13046.2918375 -102429.725148)
(153031.069787 -159.000226122 -103220.103841)
(154372.777786 -13807.7283717 -102604.93745)
(157633.467279 -26105.8580138 -101071.094274)
(164073.938278 -38868.1058902 -98944.5669771)
(172403.586567 -50343.8798887 -96401.1782359)
(182459.138122 -60683.0590751 -93577.2708482)
(188570.306433 -68148.9219587 -89501.990921)
(186924.98804 -74770.9204425 -80917.7119213)
(236040.756326 81510.6569637 -87987.0148617)
(244684.446411 73662.6590581 -99852.2271875)
(241882.693399 66284.2438197 -105409.928389)
(236322.99125 55988.0858083 -110296.587472)
(229212.427649 44169.9496226 -114439.855509)
(223522.190314 30192.681468 -117864.641793)
(221033.530775 15629.2188726 -120434.478773)
(220015.703981 -101.729071224 -121486.510442)
(221026.842906 -15176.0823788 -120483.576785)
(224318.9507 -30290.5260823 -118025.438386)
(228528.635678 -43823.9722499 -114319.552443)
(234541.872114 -55959.8308497 -109764.341601)
(240584.944885 -65832.0933589 -105258.647729)
(242946.390448 -73786.1396769 -99207.4574866)
(234735.334146 -81103.9055217 -88298.9952048)
(285532.92355 85888.9342848 -92785.1119124)
(304458.279425 74467.4846857 -106992.412939)
(310124.425104 66524.3956927 -114472.787739)
(310263.615478 56919.3428177 -120755.680456)
(311399.006646 44344.0340043 -127076.950097)
(313221.933687 31886.8238352 -132180.794419)
(314073.16906 16776.4048393 -135961.952656)
(315307.422523 102.976395565 -137677.305491)
(314086.016801 -16775.0156014 -135909.998333)
(313807.966929 -32414.3098524 -132061.92944)
(311130.783354 -44686.1041824 -126853.132641)
(310044.333279 -56398.9314494 -120883.499985)
(309237.105926 -65909.8529865 -114487.299158)
(302090.64087 -73792.7673119 -106370.32484)
(280616.607929 -84599.1825798 -91661.082312)
(397388.266152 88917.8643181 -104813.833562)
(395414.561131 74968.3089867 -114535.720173)
(409780.20464 65405.653142 -123394.140005)
(413520.484643 55782.139122 -129111.943248)
(422379.256645 43632.4021633 -135667.291779)
(431087.307767 29633.9331874 -141262.654294)
(432898.51175 10993.7664017 -145777.520688)
(437035.72187 -59.6755436277 -144896.905683)
(433066.467158 -11666.384334 -145676.447502)
(429410.936467 -30012.566626 -141169.734844)
(424377.390773 -44304.5209263 -135693.205303)
(419406.176196 -57074.844667 -129330.844236)
(417283.189408 -67996.8501175 -123557.541866)
(409172.660859 -77932.7651876 -114992.077407)
(426982.880809 -92875.3317475 -105764.904717)
(563398.080074 97941.5634256 -103167.604818)
(522047.440557 77236.7672297 -118103.152614)
(537156.923926 63489.1389338 -128439.470855)
(539537.350874 53444.8319511 -132696.878225)
(545128.672785 39275.1801106 -139237.154607)
(528545.395703 26195.943981 -142904.14159)
(487751.118956 18443.1242372 -141337.528058)
(480339.966522 289.4647602 -140434.432112)
(488315.178825 -18097.7627322 -141276.023667)
(528939.058773 -27477.6437021 -142258.496468)
(543261.987697 -39633.0065326 -138897.155333)
(536497.074618 -52978.9586978 -132764.065589)
(533937.196823 -63083.674212 -128364.157292)
(516229.307692 -77392.4092686 -117815.920238)
(557418.972819 -97431.0921727 -103283.175933)
(703320.462409 90865.7044633 -93837.4647355)
(649712.310871 71412.841959 -115313.862789)
(679055.922395 56744.8660793 -127852.24251)
(676187.195954 51154.7884131 -131694.618299)
(669372.570916 41307.6242957 -137361.806919)
(634210.776912 37336.6301422 -139225.060918)
(628200.405553 21483.4906275 -141677.379178)
(629045.771961 65.9418623833 -143009.466825)
(628142.385942 -21033.6272114 -141609.169357)
(634350.51992 -36690.3207387 -139265.411187)
(670496.885111 -41293.2287459 -136940.57836)
(677451.967836 -50287.053801 -132041.108897)
(680250.359232 -57982.8109224 -127116.612451)
(653364.184773 -71535.2495482 -115297.847014)
(706412.68996 -90006.930645 -94960.0018332)
(881756.978772 75946.1213326 -76644.9557868)
(838399.086261 65545.02497 -99045.7332899)
(854004.874445 52849.1678567 -118083.258118)
(837376.611724 50313.2170719 -125154.699196)
(814406.306606 46382.4808221 -129486.900348)
(799250.277434 39448.2666636 -134739.097008)
(802510.554265 21103.1154562 -137949.263426)
(800746.232695 -701.24282697 -138960.740795)
(803859.741564 -21697.5001385 -137107.509759)
(802224.176158 -41405.3093566 -132833.888826)
(814739.581772 -45284.6778909 -129306.830231)
(836050.663679 -50923.3256125 -125382.14507)
(854444.692649 -52462.7914282 -117956.846551)
(834535.976711 -66244.3816533 -99314.9719829)
(879673.01461 -75952.504728 -77066.0655914)
(1077007.8339 50365.8420788 -48199.570993)
(1050477.38709 53407.8489724 -67929.6784415)
(1031408.93924 44118.3763544 -102369.742705)
(993781.270265 48989.6554269 -110498.557791)
(981425.705749 46905.5738289 -114829.262971)
(988646.92194 36228.1139553 -119407.224694)
(995607.77944 20132.2121494 -123020.452721)
(996528.679826 155.995864254 -125735.803375)
(994589.507264 -20582.8174258 -123636.844421)
(987151.515708 -37145.9489483 -119811.308114)
(982240.140129 -46640.0247449 -114392.521366)
(993306.093399 -50545.346717 -110111.404286)
(1036870.38915 -45801.3585449 -100240.128106)
(1053477.53775 -53480.7245906 -65781.2443917)
(1074509.17304 -50987.7575166 -48572.7832741)
(1290562.97859 17061.5645646 -8085.49795829)
(1266082.95338 45130.2548888 -26836.1528681)
(1163316.6971 44916.5299654 -83227.1902213)
(1140219.98209 49198.0878879 -88931.5453132)
(1159847.23086 41867.027023 -91803.9734724)
(1181812.25979 33919.4737824 -93216.7437707)
(1202590.96069 18241.543524 -92409.37091)
(1205505.04044 1282.35067001 -94434.3246026)
(1201377.93502 -16488.659783 -93300.8762605)
(1186471.36433 -33224.5975985 -90373.0335316)
(1159518.54421 -45128.835924 -89958.9108328)
(1140971.22473 -49465.4992902 -87392.8614246)
(1169326.37974 -46154.7180237 -82685.8679673)
(1274515.78195 -41001.5765184 -21284.8009236)
(1284993.9519 -13817.0697775 -8560.37662909)
(1531471.86429 -24579.9305108 40170.8619497)
(1275509.6344 54502.5993324 -34415.3244619)
(1215991.38629 67091.1403241 -62766.4352089)
(1289327.77154 54839.5595271 -54250.259009)
(1345750.16092 40682.8518635 -48127.0773438)
(1394895.19101 24663.6272525 -40965.4740991)
(1423532.36767 11817.5697437 -36129.3135583)
(1432275.22315 -1730.70162196 -37257.403309)
(1424510.96697 -14148.2906911 -35886.3570975)
(1392510.31643 -27409.0552872 -41414.8069711)
(1349314.04942 -42796.5353375 -46316.0512276)
(1286086.00661 -55116.7199709 -54017.0759842)
(1219017.73216 -65332.3026967 -59715.1866742)
(1337866.4518 -49387.867088 -11086.5276906)
(1499869.64868 32212.9906339 40274.0015799)
(1653354.07463 -123856.372765 4695.9552863)
(1470971.71684 8006.3707107 -8836.51980009)
(1677339.47174 -45245.9380178 41319.8246059)
(1695663.57815 -63090.0384507 64219.4725491)
(1805550.87587 -76388.6297922 110049.246968)
(1865413.75459 -78972.9699759 152885.22185)
(1879608.67708 -43855.4396494 171375.97064)
(1887648.00184 -2602.73453251 179389.966336)
(1889556.49517 40137.5610459 175735.415945)
(1864074.1235 77580.2085744 155171.29174)
(1814011.82733 74770.9626024 112129.036286)
(1689653.82586 58645.3081467 62912.2367095)
(1703605.13591 50772.4673983 52277.9351236)
(1305938.04842 -20584.3542865 -44070.9300525)
(1735355.71882 84787.0053263 94729.877148)
(1717851.92385 -100050.76861 -90502.4815728)
(1403032.48805 19372.9301083 -20942.9501034)
(1729482.31566 -64225.7598445 -64473.4063407)
(1714732.66876 -72875.5062407 -60739.7863624)
(1832043.10645 -123412.966306 -77834.1540421)
(1861367.07022 -156586.22404 -82601.0711802)
(1906038.25853 -183657.081031 -51848.0140314)
(1916020.34315 -197889.694488 3629.88973017)
(1895856.77966 -182605.901758 47973.8025774)
(1877845.87466 -161171.514026 79172.5478646)
(1799824.58401 -106167.284836 75376.8408921)
(1703435.23947 -67425.8399076 66764.7246776)
(1677333.78833 -45749.7524484 43269.7088286)
(1515216.72243 4390.08422915 12483.2356279)
(1560986.3624 5269.90353046 71467.3042511)
(1501585.55764 -42007.9919562 -34565.5811207)
(1439407.45151 -29191.3315521 34416.1663258)
(1250150.30499 49566.2655499 62637.7263051)
(1288276.66994 50465.7889451 57729.8419471)
(1348291.78677 47607.0169085 46468.3346523)
(1392607.6433 40340.8016797 26993.4384609)
(1426680.95487 32871.1910042 17847.7576781)
(1435637.98165 33942.9306192 346.096991797)
(1423092.54503 34533.1608676 -16495.7107043)
(1398987.83305 36011.021715 -28297.5900139)
(1351684.35516 44069.2199559 -40339.191086)
(1293656.87298 52438.3158893 -54146.7319323)
(1223397.63509 58798.3635334 -66921.1075595)
(1265029.89739 33676.6819074 -55485.066791)
(1539301.69021 -40301.5028403 23284.3493908)
(1287218.48699 6661.34499652 14605.9873942)
(1279443.09003 13124.961121 42271.1941169)
(1185262.05268 75973.4908607 46656.9625912)
(1142461.05812 88000.6500336 48566.7256526)
(1164362.14451 87989.7401776 45049.3587102)
(1184911.16573 91067.8053105 33173.1651508)
(1197461.75956 94668.8372381 18080.9760607)
(1206667.49814 93171.5874329 -1753.8026277)
(1201149.9024 92548.5689354 -18020.5837688)
(1184550.68725 92105.9250342 -32306.2585008)
(1162771.68599 89963.1661516 -42751.9442525)
(1145515.71745 87125.1090385 -47723.8268072)
(1160704.44333 83103.7345078 -47577.0666435)
(1273152.04742 24138.568669 -46529.2755129)
(1292673.9699 7652.43290716 -17402.4189635)
(1075485.7803 47158.0030595 52304.2680715)
(1045424.8784 66911.020064 53691.4957824)
(1039403.06065 98831.9674711 44624.5986173)
(998437.576581 108880.66182 47741.3873644)
(984424.253979 112998.965186 47769.3906833)
(992210.116475 117662.502716 35962.035559)
(995196.525307 122461.970295 21360.7894079)
(995016.253492 125877.975067 821.910577341)
(996374.542811 122083.147072 -21959.5030051)
(989521.763194 118635.951034 -38498.2956746)
(983018.332174 115194.021439 -45285.5294436)
(994245.408908 109899.489422 -50306.8937298)
(1032902.86433 101609.000507 -44696.6963479)
(1049585.54204 67206.781356 -56333.911643)
(1076723.44952 48049.7053996 -51147.8382419)
(881374.769815 76919.5556398 76335.0123066)
(833452.990076 99168.2233205 65987.8848644)
(852857.366493 117264.97105 52931.0057602)
(836886.355323 125505.169255 49818.6319197)
(814475.635071 129253.769544 46335.8714745)
(802929.761796 132717.701192 41206.8799201)
(807194.680045 135669.351431 22046.6046426)
(799358.464926 139280.887276 609.38397535)
(804697.974229 136924.755681 -21308.6467776)
(796723.629204 135806.953758 -40500.4885117)
(812879.040843 129332.929578 -48853.7407815)
(836089.257085 125680.156834 -50847.8191184)
(854517.699867 118641.692746 -52055.6064809)
(838439.626314 98894.2201879 -66645.2122146)
(881690.189213 76558.6771209 -76285.1700043)
(704487.279916 93932.2546896 91244.3221567)
(647963.260934 115313.130822 71874.9262633)
(678236.09411 127375.263456 56679.1737544)
(673909.473684 131441.575884 51462.1122356)
(668711.835638 137017.141283 41086.4626463)
(634067.267168 139049.297442 37579.241146)
(627854.870111 141710.399345 20696.7333053)
(629266.591515 142978.200315 -515.157526849)
(627738.544567 141948.007323 -20720.7267399)
(631431.625209 139990.220034 -37288.5938338)
(667106.923809 137795.074579 -42229.6214893)
(675056.7181 132229.346211 -50943.1538596)
(679946.115071 127049.307361 -58036.9000812)
(652192.54401 114534.012797 -72137.7458578)
(704620.873896 93730.1430107 -90754.5267982)
(564062.189957 103295.981741 98071.4885046)
(522732.33063 117899.198059 77680.0033866)
(537286.439879 128382.45105 63491.6807358)
(538917.661283 132185.230077 53847.8368493)
(545731.382597 138515.119385 39809.3075238)
(529455.711388 142255.275075 27528.1267261)
(487397.064609 141317.954026 18418.1385537)
(481691.230019 140252.114067 -296.400225389)
(488511.600266 141271.50529 -18191.4788798)
(529193.726375 142701.499148 -27066.6595378)
(544897.853946 138848.421437 -40325.6320522)
(540268.539395 132139.782505 -54359.1659858)
(538091.898905 128473.225546 -63646.6748425)
(522072.552767 117920.507018 -77661.6417534)
(563383.373894 103024.252271 -98224.2907308)
(400897.432319 104587.595519 89940.7155455)
(397289.762942 114381.527552 75674.2099833)
(408723.571261 122941.661436 66346.9330168)
(414277.498383 129323.293536 55319.3149416)
(422499.257037 135436.267639 43909.1809047)
(430131.090668 141137.794374 29764.433425)
(432042.267812 145710.846311 11134.4556846)
(437206.321011 144890.221416 -188.437835297)
(433873.346382 145641.822148 -12212.9424098)
(428812.969237 141200.822968 -30051.6756967)
(424753.881372 135629.943734 -43979.964961)
(415225.468002 129285.738395 -55653.9208736)
(410526.264677 122958.714136 -66449.7828546)
(396711.359092 114723.538711 -74984.4394561)
(398575.78062 104453.025926 -89549.8249073)
(286025.884907 92890.9955601 86118.4198342)
(305010.017869 106649.973237 75309.1852063)
(310386.053515 114212.530925 67018.5151504)
(310714.095446 120896.803497 56739.5166453)
(310853.708683 126805.505826 44844.6736354)
(312392.902512 131954.46398 32060.9825601)
(314531.976962 135970.520079 16819.3755986)
(315042.672945 137649.816216 -2.36673453191)
(313870.298045 135899.792138 -17004.266462)
(313541.454449 132094.002831 -32429.2294736)
(311258.93308 126906.387231 -44733.8182022)
(311202.693336 121201.564064 -56462.3462595)
(309711.217995 114077.502833 -66955.1426515)
(304408.649837 106493.505957 -75087.4937124)
(285546.942982 92623.9164264 -86031.1833033)
(235646.55019 87992.9655871 81519.2252057)
(244224.539281 99492.441047 74069.9251103)
(242326.667287 105358.66016 66734.3257289)
(235637.101782 110195.246732 55836.9329078)
(229425.475952 114411.216696 44368.4785409)
(224423.663054 117990.299117 30600.2135617)
(220838.364395 120430.344409 15144.7397963)
(220310.254587 121558.083486 15.9492106138)
(221043.101791 120460.027725 -15382.8570217)
(223996.508668 117860.261594 -30629.8652257)
(229491.513892 114561.104081 -44047.0411247)
(234513.127995 109758.296142 -56115.432303)
(242194.051913 105342.424027 -66527.3678972)
(244733.564825 99856.247944 -73695.988478)
(235297.185208 87745.8347905 -81475.4784155)
(188621.170504 81162.2787056 75533.2387705)
(189144.011821 89579.8740214 68542.8662556)
(182324.026033 93624.2393556 60680.3146405)
(173212.77239 96590.4179671 50676.5668905)
(164265.47294 99024.6762311 38886.4699699)
(157082.160171 100796.972147 26312.1694397)
(153821.517274 102421.528516 13491.5760641)
(152745.035482 103058.493296 22.9965820333)
(153611.299936 102363.918549 -13186.6559995)
(157969.881434 101123.136972 -26361.0156264)
(164248.541064 98939.7442352 -39021.0868418)
(172618.279691 96605.3784302 -50104.6561965)
(181938.137278 93337.8100457 -60776.1243017)
(189162.361377 89727.0079439 -68240.7831439)
(188013.246822 81017.8699521 -75233.0450076)
(147647.423156 72826.4543169 68000.7325348)
(143544.4749 78352.1863227 61154.286644)
(134460.9494 80790.2645116 52738.6203674)
(125082.130094 82134.8559746 43577.9760254)
(116261.965523 83170.3597784 32809.8339525)
(109900.039205 83839.9159806 22202.0473132)
(106125.209883 84457.7380994 10897.8982319)
(105278.203367 84880.8878384 -32.791303582)
(105858.894811 84319.0255189 -10808.2328898)
(109768.570219 83798.4777835 -22062.7334633)
(116011.662975 82954.4235014 -32941.8405077)
(124571.970545 82022.23116 -43193.6650809)
(134458.878621 80660.6155564 -52860.7124976)
(142628.864473 78076.5626606 -60759.5076266)
(147743.801829 72912.1837541 -67872.6124221)
(114192.982007 64389.8168224 59644.7686472)
(106790.359763 67017.0209424 52723.4968363)
(98200.1198827 68018.0266773 45144.0056718)
(89010.6564828 68194.9176903 36177.9966957)
(82511.8079499 68704.1665489 27371.491815)
(76307.4548435 68322.2318233 17966.1417547)
(72808.2831061 68165.9137677 9004.30746913)
(71848.130419 68245.8745902 -27.6993185817)
(72903.3951701 68210.6889568 -9022.48511098)
(76926.7766171 68669.037853 -18129.8877716)
(82157.6867651 68549.9773508 -27166.828718)
(89367.0028251 68466.8376631 -36045.3338062)
(99140.1906031 68470.8196696 -45319.052147)
(107301.362193 67263.3227782 -52741.2149686)
(114492.50054 64030.2639501 -60170.8538982)
(86883.0942521 55445.5161977 51392.8362491)
(80643.8686223 57403.1110774 45225.3258328)
(72144.6926401 57081.3277569 38004.7189544)
(63515.5073516 55856.2037879 30031.2513413)
(57232.6736802 55197.8675177 22371.0549885)
(52929.0329189 54906.9940545 14763.2818609)
(50429.1120308 54813.9055212 7072.97174593)
(49745.203202 54857.9785061 159.452708487)
(50714.3179569 55004.7902289 -7327.39527921)
(53260.8814084 55172.4684505 -14755.7422666)
(57368.228511 55458.4196489 -21981.325847)
(63470.6737639 55755.3420809 -30141.6732317)
(71592.6469019 56699.6828594 -37846.4215621)
(80371.1576046 56984.6997524 -45484.8220766)
(86372.9160791 55091.8113291 -51221.4435011)
(66296.0833861 47317.0673596 44229.051693)
(59778.9771599 47707.345133 38559.7141235)
(52167.9276785 46721.2692764 31523.6776553)
(45832.7918237 45893.484616 24638.0788436)
(41215.4411394 45320.394027 18326.3364013)
(37454.0438417 44525.3108597 12032.8980283)
(35162.6575022 43971.6293059 6019.60895927)
(34605.6897392 43973.3037975 34.9279184224)
(35188.6029619 44028.8996498 -5831.46525745)
(37243.5871139 44302.7833572 -12136.6191275)
(40516.886109 44759.6616329 -18075.0390599)
(45792.3463765 45835.1684792 -24646.7586748)
(52108.0666361 46742.9027201 -31389.2341778)
(59928.6433522 47887.0257124 -38400.6422025)
(67711.6996168 47977.3743853 -45181.1177631)
(1283448.43001 -18915.6847106 35421.8120211)
(1812792.09233 60689.67218 -202495.825913)
(1920541.1729 137189.023144 -225627.858139)
(2039426.72722 208853.296129 -244857.973102)
(2113245.76778 274849.753483 -235967.955713)
(2189155.56414 339320.904792 -189203.93835)
(2241807.44828 396945.590934 -118378.954069)
(2279709.07731 420929.026709 -901.133989318)
(2246684.25893 399661.441051 113662.762757)
(2194109.82383 346592.134894 192500.868221)
(2127749.16428 281212.42025 229711.581562)
(2032457.32908 204581.334699 246492.657377)
(1937776.99254 142355.171058 226405.589588)
(1778212.44164 45372.4121197 196092.116861)
(1674994.67966 13249.7566891 153974.487446)
(1837168.12505 205324.971359 -70931.7685865)
(2055195.48175 232489.727061 -230188.164725)
(2103247.85797 275344.139257 -261536.106192)
(2194718.89422 342964.67431 -255559.128337)
(2267033.30969 406651.225168 -223020.614472)
(2341811.64976 465614.88287 -162375.99216)
(2384588.86051 494633.9655 -88955.5757083)
(2405692.37974 508854.37043 2367.5040888)
(2384628.87375 492240.83879 86533.633249)
(2338915.06556 459051.644862 166133.048981)
(2271556.69597 405265.234478 225262.865953)
(2190522.90006 339399.731305 258505.54783)
(2110044.19005 276752.762721 264697.984825)
(2045026.17322 229977.131789 237813.732325)
(1757229.45697 192780.855556 35761.95402)
(1904311.70582 233411.447365 -127309.816127)
(2097864.19647 266747.301081 -268913.744775)
(2216008.13271 306600.597326 -309275.35777)
(2322526.62852 372370.810582 -309639.518323)
(2403735.44007 440760.575001 -272608.56629)
(2470772.59453 504006.320548 -209788.694904)
(2516788.07978 553133.744691 -114477.881295)
(2531991.43396 566392.88835 4738.98850514)
(2522865.87119 558060.496092 113195.832648)
(2473172.68078 504955.65639 209564.090336)
(2405023.63437 441833.266076 272661.428546)
(2318106.31688 370203.727576 304243.591853)
(2224640.16921 311854.694936 312443.608858)
(2107134.46728 262332.776631 274470.448686)
(1930653.5386 223131.652867 140983.840962)
(2045926.19742 243106.467198 -210143.326423)
(2194077.83412 251750.371948 -342815.273377)
(2323709.26575 305663.365672 -376287.450296)
(2433643.92119 381829.296024 -374965.873346)
(2525310.45885 455725.143687 -345300.032956)
(2585582.59587 519036.190212 -261473.741207)
(2622393.27867 565716.400703 -146580.531835)
(2632933.625 580128.253478 -934.64326068)
(2618699.8584 555938.334644 140797.448244)
(2589606.95138 522440.323831 264784.748908)
(2524072.17604 454955.973362 341950.109786)
(2434631.46902 380177.821597 380004.882945)
(2322728.17559 308191.279299 375891.753583)
(2186344.90714 252683.863923 340769.212502)
(2027950.07376 244945.499131 203686.999136)
(2106571.40953 232492.808973 -275664.118216)
(2266053.84043 226983.944698 -404337.233624)
(2408278.82909 278822.433447 -443963.312364)
(2525292.58622 344932.546974 -457771.591762)
(2608083.48163 409651.656371 -411680.562452)
(2661558.32103 463657.458748 -311862.223729)
(2683476.68918 491584.330723 -164506.352954)
(2690534.33325 501952.833755 2854.86729822)
(2684203.85906 491726.689504 164725.850794)
(2665528.98182 468128.139178 313818.286242)
(2610759.05902 414074.934854 412015.727334)
(2524478.06542 341816.874108 457314.192434)
(2405000.77912 268733.963939 446773.026422)
(2268989.59754 228055.158918 405676.506635)
(2116299.25134 230464.106247 274898.403435)
(2199293.44076 189953.46393 -346266.079868)
(2335510.8595 163044.759832 -456944.899988)
(2471698.62667 207670.675521 -508808.834519)
(2581121.24198 260336.257139 -516531.145301)
(2661817.53164 312870.783609 -466762.993129)
(2700470.54913 340609.277394 -338938.983913)
(2708851.88156 332995.41907 -176350.154203)
(2701063.10874 306808.631744 2848.8446082)
(2706823.6329 329339.703212 171724.391983)
(2698681.09579 333856.771513 340484.105675)
(2665210.20361 314182.343454 470362.289271)
(2584307.81612 259949.385871 519746.0921)
(2470363.56406 204937.448802 507173.065364)
(2330970.98058 162675.26452 453265.696634)
(2191117.54238 191775.333681 342993.060764)
(2248210.33263 108217.135498 -401706.019038)
(2379163.4318 82185.0602647 -490961.86271)
(2514355.64969 110102.758219 -555823.139065)
(2615644.22401 139963.447548 -560074.626004)
(2685908.84846 162030.115094 -496934.314616)
(2710190.28527 169635.031799 -337202.707099)
(2696877.13174 112253.796355 -111424.422829)
(2667696.67129 16958.7416956 1511.01620021)
(2694951.89236 111116.652464 116878.564339)
(2704845.65437 171227.785687 328943.917285)
(2685032.58303 167394.308375 497527.491783)
(2622543.06403 143109.690771 567061.154671)
(2518319.16711 116425.823664 555129.526649)
(2381527.28153 89047.3135513 491796.988628)
(2248107.20067 110313.463097 400514.125031)
(2280305.83044 -2079.33394119 -425497.092278)
(2399513.68899 -140.720236991 -507284.078664)
(2525123.6951 159.726901736 -563536.106043)
(2629722.84351 -1753.97531311 -578980.57127)
(2693370.0809 264.509433111 -503252.803109)
(2705778.19221 -1431.5634738 -306856.21855)
(2668721.37235 -2486.44843648 -14037.0086316)
(2832917.1855 2342.83703778 2822.73942564)
(2667179.13244 1099.73717789 17907.6235813)
(2699562.55331 -2601.83464019 311477.567571)
(2689377.99856 -3386.84228159 504886.65592)
(2633708.1053 -132.011817284 580023.933201)
(2538451.09879 -3323.1682492 573232.132024)
(2403656.75087 -2510.15531942 508384.121047)
(2280712.09092 -569.095106086 425542.888336)
(2247109.95482 -112803.750987 -401439.443745)
(2380779.46148 -89628.969627 -492847.525206)
(2513734.01408 -114570.831477 -550609.785444)
(2622773.07716 -142288.652876 -564693.923234)
(2690601.33692 -165343.393193 -495230.193138)
(2714508.08696 -170223.280519 -330122.030751)
(2698780.27067 -109987.902008 -114189.152143)
(2667712.62795 -17832.0875025 -1547.22893472)
(2692962.62483 -107883.910245 112278.688789)
(2707119.10881 -170324.971822 328663.423141)
(2684603.99867 -169242.629401 489318.301502)
(2624875.9078 -147345.332923 566329.484491)
(2521565.30109 -117588.805965 557105.116345)
(2383474.887 -89223.3469422 494046.611858)
(2244171.31324 -111974.19484 400989.607991)
(2187580.79064 -195678.665855 -349322.030549)
(2335108.28416 -169566.5254 -459216.834078)
(2472510.15201 -207124.87292 -507537.690544)
(2588036.75484 -262884.626104 -519465.903782)
(2669024.73906 -317787.682956 -466231.601424)
(2710933.05759 -345239.5075 -342490.685275)
(2714331.33515 -334588.502477 -170769.113575)
(2707095.3534 -315123.599118 2496.07055451)
(2713072.19993 -338764.38073 176311.80716)
(2704425.10759 -346155.392451 339299.111438)
(2665176.60384 -318273.59882 468669.420914)
(2588392.5936 -266721.501811 522689.696949)
(2474770.48031 -213233.854464 511058.600419)
(2338318.61117 -168902.169691 459725.397557)
(2199333.20173 -190508.209727 347332.555612)
(2132795.02817 -222404.286999 -282216.251425)
(2273333.41364 -221135.0214 -403978.08726)
(2408910.35869 -276329.300922 -442292.774822)
(2526807.2062 -342359.196563 -454325.700925)
(2615993.88395 -415331.776122 -413462.927274)
(2671749.6724 -476040.151755 -312178.677254)
(2694974.21707 -503384.049788 -167179.688588)
(2694764.74217 -504629.808681 -4960.64920892)
(2691662.0041 -497030.455932 166873.157307)
(2665825.02565 -469990.22446 312221.158793)
(2608667.87567 -412218.515128 410525.067623)
(2521684.00113 -343072.982677 456200.039718)
(2406907.21686 -277634.423518 447110.423282)
(2259383.26552 -221263.409233 400122.718424)
(2108216.19985 -236975.070289 276177.30238)
(2027415.19169 -249254.972038 -207253.037288)
(2177448.52842 -259093.024472 -334761.559408)
(2324760.43605 -308760.891131 -375153.417562)
(2439539.42555 -382556.973156 -380691.40799)
(2527847.20287 -459828.748993 -338143.753819)
(2591319.52621 -521480.042428 -264119.70633)
(2630164.21137 -571351.951349 -145239.202776)
(2636370.76429 -581017.643379 1918.01638159)
(2625822.41081 -567336.144434 146113.282363)
(2581807.14875 -513811.190333 260572.016819)
(2524309.10626 -457251.541115 346893.599725)
(2432289.04091 -378868.62385 381564.297831)
(2315053.69711 -304569.376604 369407.003722)
(2191267.00272 -251815.309123 338864.332085)
(2047019.69272 -242787.116697 211643.548638)
(1947482.58693 -226830.259147 -143827.877322)
(2101327.06917 -262713.181291 -273225.358998)
(2232713.31523 -316190.177876 -312694.344662)
(2325069.71411 -378093.530263 -305238.397996)
(2412680.81892 -449396.53188 -273660.089865)
(2476630.54892 -509223.005622 -212594.600121)
(2520118.94807 -553456.868755 -111942.126478)
(2536688.99302 -569913.543144 -96.8605691709)
(2518049.31215 -553109.540038 115411.352473)
(2475825.8827 -513332.811772 210304.493046)
(2406780.68987 -447888.961527 272266.310585)
(2323080.14166 -377389.460163 308338.248783)
(2217646.78081 -311371.66445 308018.546188)
(2107201.61021 -267971.369303 272911.73608)
(1900236.36619 -226393.501002 125038.717147)
(1747263.80588 -210027.536432 -47052.6940575)
(1986521.86836 -225898.236007 -226162.681056)
(2097898.66856 -274624.261302 -256410.311283)
(2179247.11541 -340062.579048 -256372.52786)
(2276542.62765 -407331.554511 -224826.859982)
(2336991.30945 -462378.508842 -165311.568112)
(2384980.52848 -493728.452521 -87298.9798988)
(2404011.64893 -507544.58128 -466.739164817)
(2383480.16734 -493876.900696 90255.8166388)
(2339727.89022 -461156.552028 166165.327383)
(2269384.57558 -405797.834165 226854.62791)
(2196474.83594 -343073.850773 255044.703049)
(2105894.52384 -273061.300971 260656.686109)
(2065655.55008 -232977.778651 237262.934504)
(1797152.98143 -177162.805757 61462.888439)
(1908555.42457 -153242.692916 -151049.387458)
(1747767.79875 -47958.349589 -209990.345325)
(1946295.13231 -145114.489561 -222291.59468)
(2017003.52096 -202321.705427 -242209.724529)
(2131085.14958 -280195.443523 -227461.9002)
(2181825.59747 -345656.98306 -195102.732035)
(2247653.24719 -400477.85639 -117876.991839)
(2284352.49308 -427581.534273 5337.13382762)
(2247378.68447 -405401.68928 114108.33882)
(2197554.04852 -348156.20348 184769.615541)
(2116652.21552 -279214.884775 238169.935528)
(2038990.71228 -206431.551342 241655.725438)
(1912412.75655 -129200.92218 227676.790267)
(1791806.47549 -63130.8349946 174753.996654)
(1264979.18187 41985.1328842 -51147.5789036)
(68049.8732708 -48143.022913 45434.5736256)
(60112.5193407 -47868.9875477 38643.2652798)
(52674.5723812 -46993.8682705 31799.5129674)
(45433.1045101 -45593.8144125 24492.3776303)
(41058.1801263 -45224.9291269 18226.2164835)
(37559.5726641 -44676.1460307 11917.6293162)
(34939.0443985 -43776.0225167 6108.72803903)
(34469.1898897 -43860.0043664 25.6420315996)
(35512.2940706 -44312.5532984 -5980.55787375)
(37867.347899 -44869.1612872 -12245.2422471)
(40614.4982769 -44812.1142985 -18223.4130557)
(45689.1694951 -45826.5869716 -24533.5072565)
(52409.9909304 -46927.5777954 -31567.0872084)
(59977.1566353 -47967.9642523 -38448.7065869)
(66978.4721635 -47644.4623217 -44476.0892212)
(87006.2833511 -55416.6783048 51470.5811249)
(80760.6969957 -57286.8585422 45608.446968)
(71686.8860107 -56846.1735323 37769.8126797)
(64456.1820705 -56524.2554695 30230.9278408)
(57755.0942031 -55690.4630949 22209.6382063)
(53107.5254432 -55142.1622646 14402.5748548)
(50543.7088911 -54889.4039792 7278.73707781)
(50169.188154 -55205.8099497 -17.9257871089)
(50227.5511003 -54632.9777543 -7451.12500728)
(53268.9408543 -55222.9338647 -14665.0391729)
(57832.9044438 -55782.9079484 -22138.5405052)
(64320.2800632 -56508.7949843 -30067.0746982)
(71742.6534216 -56897.7260705 -37780.0646645)
(80641.223792 -57330.9066731 -45385.1255228)
(87170.1924566 -55566.9285327 -51504.703895)
(114119.436282 -64161.3172619 59733.3965204)
(106736.38907 -67212.6984913 52391.0272656)
(98037.2016202 -68085.926904 44867.9897536)
(89221.0570013 -68407.2199295 36048.3388975)
(81385.7323886 -68183.4794239 26908.3727067)
(76818.3158726 -68563.7877941 18442.4134799)
(72755.9928878 -68153.5490302 8937.01207316)
(71754.4242716 -68220.6366346 194.411113389)
(72715.2229059 -68133.7714088 -8817.52257086)
(76256.5101369 -68243.4481674 -18186.3470835)
(81637.3920357 -68365.907211 -26880.2659376)
(89608.4153718 -68542.5456934 -36249.3579677)
(98267.4615059 -68247.4259091 -44811.9014082)
(107417.582918 -67123.4751786 -53042.2565981)
(113384.11337 -63918.6071541 -59443.9319536)
(147342.190962 -72994.118823 67556.6751917)
(143238.423094 -78358.1969989 60861.4264016)
(134367.774559 -80668.3756481 52835.0255736)
(124061.927303 -81887.6950582 42983.3309491)
(116349.236907 -83244.6252601 32748.5157774)
(109792.331127 -83811.3231587 22188.0199941)
(106275.859814 -84547.5409761 11074.0586748)
(105469.698064 -85012.7908544 -123.713026948)
(105801.451739 -84269.27147 -11313.331219)
(109500.473438 -83794.1690722 -21678.0289254)
(116698.292485 -83260.0883959 -33107.6390901)
(124211.463033 -81900.8845009 -43084.2161595)
(133919.292853 -80357.4415724 -52920.7236425)
(142950.815817 -78387.8684233 -60637.0337908)
(147406.170334 -72701.6270749 -67904.0429698)
(187626.664546 -80947.3691989 75057.0966717)
(189023.996553 -89504.2296646 68397.1216799)
(181516.956208 -93361.4594714 60422.8674269)
(172893.38084 -96646.9405777 50236.6086179)
(165006.538279 -99202.1013968 39093.9464127)
(158342.664148 -101324.632694 26264.4692697)
(153453.567355 -102329.332294 13325.2551384)
(152589.760386 -103052.310117 21.8805549918)
(153179.998195 -102220.131625 -13209.0780175)
(157151.478183 -100722.763792 -26666.5196314)
(164055.916637 -98951.9756762 -38815.9552017)
(172240.727417 -96447.1061395 -50121.4337394)
(182430.07629 -93480.1904892 -60769.6650396)
(188592.349552 -89392.7205821 -68255.0244269)
(187602.231483 -80919.6263257 -75023.194505)
(233744.658991 -87680.6609104 81405.1956543)
(242295.274909 -98988.2430716 73782.5452625)
(240748.846163 -104965.648513 66315.6283296)
(235258.138295 -110219.431227 55467.0241848)
(229778.264272 -114597.444021 44004.664936)
(224752.842185 -118130.485974 30287.665752)
(221370.978429 -120581.900185 15115.7894305)
(220251.615332 -121553.363862 37.8830377781)
(221385.280289 -120576.711814 -15275.7106891)
(223863.267267 -117853.464505 -30429.7060783)
(228367.019572 -114287.372304 -43803.127517)
(234462.163871 -109715.401276 -55978.0901549)
(240412.751105 -105214.533763 -65775.6892921)
(243150.396648 -99240.7651601 -73781.076095)
(234101.092853 -87673.505436 -81523.5803358)
(281096.970909 -91500.3245588 84700.9201747)
(301871.200376 -106094.036476 73963.8226405)
(308991.949217 -114592.906263 65679.1504286)
(310231.109955 -120714.830453 56858.4432691)
(311581.710918 -126731.204764 45076.470378)
(313248.887252 -132109.70445 32002.554722)
(314005.47421 -135970.908303 16422.3965885)
(314728.11698 -137597.964572 -168.168530052)
(314714.82318 -136056.839756 -16444.6122662)
(313242.110231 -132039.164265 -32298.6345226)
(310269.426407 -126587.007643 -45083.0262772)
(310532.291372 -120752.990687 -56733.2617508)
(308885.635378 -114372.628035 -65950.5364789)
(301639.068825 -106301.045227 -73765.1096505)
(281106.929132 -91760.5317864 -84500.4810392)
(429876.25515 -105381.274891 93799.914778)
(409787.541505 -115411.7245 77497.998386)
(417718.746218 -123257.591289 68800.4291407)
(418121.923012 -129408.241042 57012.1692049)
(422501.56094 -135609.089519 44467.6920394)
(430908.361398 -141213.119512 29746.7597705)
(431649.010719 -145598.251758 12064.6183571)
(436353.310084 -144894.09569 3.60334576843)
(433638.126581 -145759.176699 -11199.3343388)
(428956.669078 -141171.486108 -30067.1420401)
(424069.67027 -135609.785986 -44593.1615309)
(419074.185107 -129517.118454 -56797.1689238)
(417984.303034 -123375.415429 -68088.1888972)
(409062.159398 -115173.581418 -77583.1949426)
(427615.127944 -105184.587606 -93595.3158435)
(558160.833328 -103087.097035 97608.3920939)
(517478.498638 -117797.484216 77235.9439777)
(532777.241729 -128351.243551 63114.4174301)
(536219.36366 -132866.404383 52287.9098919)
(543502.859787 -139010.702722 38999.9634066)
(528879.761831 -142241.993793 27468.5512092)
(488726.31655 -141061.41824 18774.3486305)
(481637.177452 -140226.166542 0.900104983674)
(487889.819208 -141212.56423 -19179.2964775)
(530860.114686 -142199.110819 -27423.6145601)
(545175.827207 -138892.845005 -39398.239806)
(537376.828512 -132595.434885 -53135.3754079)
(533096.009411 -128303.047745 -63210.8099825)
(517145.122298 -117906.328281 -76828.6519758)
(558335.088855 -102979.268341 -97531.9718773)
(704994.62249 -94291.0824357 91341.3105746)
(650053.22324 -116172.427829 71163.6257648)
(677915.390281 -127684.374879 57608.6167233)
(677293.811924 -131129.775017 51200.2918406)
(668481.16725 -137475.644885 40846.6907678)
(633973.958211 -138933.759812 37659.2504701)
(628787.626491 -141386.476928 20572.1405769)
(629802.386385 -142723.580393 -518.845768565)
(628278.090363 -141740.140253 -20567.0447183)
(632501.310128 -139588.769409 -37763.7203049)
(668284.702156 -137144.226036 -42486.6219102)
(675234.694089 -132094.140637 -51427.9020592)
(680300.930063 -127262.476543 -57870.6307305)
(652919.514319 -115041.028403 -71830.7083047)
(704753.287741 -94620.6609973 -90796.8118945)
(880160.075725 -76587.4539621 76385.7531602)
(833991.794149 -99873.1371712 64807.9431761)
(855666.725856 -116101.386093 53256.8895971)
(837514.497968 -125705.590376 48895.1791702)
(817969.00121 -128287.322846 46365.1314777)
(800286.631075 -134213.720776 39721.3235125)
(804582.063788 -136820.785335 20998.9320688)
(801326.97595 -138485.911864 416.536680868)
(802146.959465 -138140.548361 -20551.2106384)
(802312.619234 -133528.447709 -40179.4767249)
(814796.402182 -129140.037171 -46683.7697366)
(836521.316432 -125385.253268 -50754.3047047)
(855170.823548 -117280.831519 -53587.8442845)
(837505.337766 -98775.8806082 -65820.5681577)
(879300.311605 -76732.1327497 -76474.4553398)
(1073544.69415 -48158.2294214 51941.2946222)
(1048909.34339 -66007.8339153 53662.2153338)
(1038211.16537 -101230.224398 42339.3314138)
(1000712.67566 -109731.661064 47422.6449236)
(986450.036532 -113136.006801 47987.6714945)
(991335.206337 -118357.791065 35978.9149969)
(998186.379989 -121031.015737 22262.8794895)
(995852.402675 -125575.16206 594.4309611)
(994269.877356 -123832.002068 -20553.3065259)
(989123.14457 -119335.652726 -37484.0004858)
(984348.141263 -114070.280521 -46296.3979328)
(993653.268128 -109785.018378 -51193.6115737)
(1038956.87394 -101196.793791 -43554.916836)
(1053689.47633 -65034.3973436 -55428.8725512)
(1074939.13661 -47708.6357028 -51791.8077185)
(1282178.23153 -7168.4408524 17935.805087)
(1275137.92839 -18789.9913924 38883.8567109)
(1172299.68283 -81861.5636338 46608.1398186)
(1146484.90562 -88653.4938518 47390.5542859)
(1160361.07494 -92083.6634593 42901.6491061)
(1183083.03487 -92474.9495979 34499.1917965)
(1201475.34777 -92924.823936 18281.0841412)
(1209897.60187 -91338.0238271 1660.76898978)
(1202185.69778 -92501.3541314 -18176.7897141)
(1184145.51883 -92825.7981309 -32597.6466355)
(1160664.02356 -90866.5192841 -45250.624111)
(1139447.64138 -88489.0767439 -50714.6351982)
(1168831.95154 -80763.2867138 -48754.3664264)
(1281752.60368 -20153.2273897 -40655.4038578)
(1284494.50885 -9602.90908859 -13931.6057979)
(1509061.95759 43091.9405437 -32120.1943888)
(1384402.84379 6146.21724567 44926.5790054)
(1228526.37925 -58403.501292 60872.8960333)
(1296767.27417 -48985.4516737 55131.4315562)
(1351266.39963 -45073.7225408 39836.4009295)
(1393751.08664 -39696.4525238 30176.47433)
(1423458.96338 -35042.3871593 17035.5548541)
(1443533.20188 -28004.7600653 -2942.58619269)
(1422866.75059 -37015.4540083 -12874.8555183)
(1401095.04342 -35220.2154617 -27517.0884942)
(1352546.01719 -45324.6307969 -44072.518777)
(1292895.82172 -51080.6163356 -54281.8495912)
(1223421.22756 -57254.9856072 -67517.9272358)
(1322131.99178 -18878.7153389 -45581.6335997)
(1506177.30845 41543.666338 33189.0508021)
(1750429.26573 94713.8177633 -78820.422375)
(1374133.19771 -28439.9132322 3317.11415707)
(1701488.11006 49745.0294345 -55828.7182317)
(1724416.40961 77433.923432 -68514.3618979)
(1812650.33412 114648.468268 -77945.3244474)
(1873137.87409 160209.477224 -74521.1277953)
(1900648.48898 181472.133374 -52790.6883882)
(1905581.68591 189221.97094 467.216672756)
(1903799.36731 182636.507525 52606.3933142)
(1867580.25869 157910.848906 79667.2069255)
(1827039.99551 120285.628003 79701.2098203)
(1715023.38551 73275.3612636 67203.241149)
(1710994.24622 54523.1584703 56324.4700101)
(1374423.49355 -29474.5824061 4126.66895744)
(1735818.37327 89937.5137202 85471.1885997)
)
;
    }
}


// ************************************************************************* //
